-5.239394843205976038e+00
-1.335139857600321278e+00
-5.348475247776321995e-01
-2.649494793932882786e-01
-1.516220133737506970e-01
-9.464851789865802445e-02
-6.321429006982448584e-02
-4.429341210765525005e-02
-3.213042474072813626e-02
-2.415334996780571508e-02
-1.857978419136241399e-02
-1.460811651350990559e-02
-1.168837972313419016e-02
-9.476917563112863263e-03
-7.813694875093646353e-03
-6.511681850245976989e-03
-5.487776871885618156e-03
-4.668504183172662338e-03
-3.998898882806134480e-03
-3.458375258652002238e-03
-3.007400792400027889e-03
-2.631849685435172503e-03
-2.315896033741605010e-03
-2.045923944887229062e-03
-1.819465106153717038e-03
-1.624112527809695727e-03
-1.456255868564793055e-03
-1.310800150616908688e-03
-1.182850373475541339e-03
-1.072378566782938858e-03
-9.744639719113100699e-04
-8.881549862587155867e-04
-8.116294317944694470e-04
-7.429513763219097733e-04
-6.825720103305066289e-04
-6.282283430972812610e-04
-5.795472301592385911e-04
-5.358135426749010026e-04
-4.960579247242357130e-04
-4.605038835058250513e-04
-4.280875474121925706e-04
-3.987374450042380225e-04
-3.720527372005899558e-04
-3.474650050513949928e-04
-3.252731249259732671e-04
-3.047910156803723680e-04
-2.860617753668304175e-04
-2.688565658393038404e-04
-5.356500956928835322e+00
-1.336864210607292325e+00
-5.302702191196884129e-01
-2.651764687697978906e-01
-1.510167634851167229e-01
-9.455305502886267310e-02
-6.311578073175751202e-02
-4.406026971978183049e-02
-3.213093679681122000e-02
-2.410225965799384085e-02
-1.855743070519877413e-02
-1.458545949245571016e-02
-1.164314197706839416e-02
-9.472806920055254487e-03
-7.802092497273149796e-03
-6.507673830384973733e-03
-5.485397220621801573e-03
-4.659699905671942609e-03
-4.000291160895509159e-03
-3.455337947956494283e-03
-3.005437336544458660e-03
-2.629859711454463067e-03
-2.311234892044433664e-03
-2.045743299881497279e-03
-1.818107091778320417e-03
-1.623614089299008079e-03
-1.455949174824833214e-03
-1.309181849223350685e-03
-1.183042743285733561e-03
-1.071711910367478815e-03
-9.739678356545099528e-04
-8.876246820488377072e-04
-8.104088052671154507e-04
-7.427513754253988213e-04
-6.820474196786441290e-04
-6.278311203695707832e-04
-5.792606243323894510e-04
-5.352265302107084288e-04
-4.959461264433251415e-04
-4.602181314948827762e-04
-4.279442813622801891e-04
-3.986650210749952974e-04
-3.717430483438644018e-04
-3.474934555700581740e-04
-3.251547275416322158e-04
-3.047653331545441811e-04
-2.860676896527247770e-04
-5.231998158439149726e+00
-1.321956034451037265e+00
-5.313385975443281062e-01
-2.641194684803451764e-01
-1.510637285733524848e-01
-9.452268025490484504e-02
-6.281812460983628166e-02
-4.411162018055203582e-02
-3.209109193970127727e-02
-2.409762092719347146e-02
-1.854515825113645100e-02
-1.453774692173892547e-02
-1.164751984399603653e-02
-9.465108704995617295e-03
-7.802708854076744437e-03
-6.509071167175584961e-03
-5.477986007322188655e-03
-4.664371381243648251e-03
-3.999057718943488382e-03
-3.455028686591310461e-03
-3.004738999297429380e-03
-2.625724178938027009e-03
-2.312206711824749562e-03
-2.045164250048747689e-03
-1.818397982412345293e-03
-1.624005227756408765e-03
-1.454735145934860086e-03
-1.309971681860200299e-03
-1.182779355653695852e-03
-1.071585672456687455e-03
-9.737505935600855285e-04
-8.865862219302745846e-04
-8.104848920991170047e-04
-7.424315255428749457e-04
-6.818438143084137870e-04
-6.277257582822381998e-04
-5.788014229597959748e-04
-5.352757451526081152e-04
-4.957865592475907413e-04
-4.602019366466425510e-04
-4.279928594353998861e-04
-3.984420950086663984e-04
-3.718811293794699324e-04
-3.474620020481600235e-04
-3.252167448595799648e-04
-3.048544625067761693e-04
-5.366125146583968331e+00
-1.341108959763105624e+00
-5.307668731705303955e-01
-2.648976189227214562e-01
-1.512387644729886738e-01
-9.407777936276318087e-02
-6.291881024781420528e-02
-4.405367114017821190e-02
-3.208633991245468664e-02
-2.407865705844502990e-02
-1.847562397186552560e-02
-1.453986160829723318e-02
-1.163368740390468940e-02
-9.462749129763192713e-03
-7.801560852668254498e-03
-6.497244241215338612e-03
-5.481797342627880987e-03
-4.661196970868751975e-03
-3.997292206435187900e-03
-3.452945380980287915e-03
-2.998701596039765171e-03
-2.625937776924658351e-03
-2.310709209746298221e-03
-2.044799587476386904e-03
-1.818229152931061243e-03
-1.622055468926242089e-03
-1.455169564913982860e-03
-1.309248289082742822e-03
-1.182262306825276887e-03
-1.071003445462292980e-03
-9.722751120855854801e-04
-8.864045216427363094e-04
-8.098849615650882683e-04
-7.419879278495189467e-04
-6.815301320940435640e-04
-6.270378534872778076e-04
-5.786954446079795034e-04
-5.349527997793313006e-04
-4.956359081872974137e-04
-4.601337962470974929e-04
-4.276367533810887522e-04
-3.984923785457784016e-04
-3.717540070253266826e-04
-3.474449862584383375e-04
-3.252359607279209364e-04
-5.385104501253834997e+00
-1.325795068351122374e+00
-5.309207503029274022e-01
-2.648732685643246931e-01
-1.502698202396373084e-01
-9.418824772823031211e-02
-6.279389940170787554e-02
-4.403755677317588990e-02
-3.205308795688299739e-02
-2.397462359714630509e-02
-1.847437343044178171e-02
-1.451763746012568745e-02
-1.162780600678581418e-02
-9.458686847508501749e-03
-7.784317391363205531e-03
-6.500429294454268536e-03
-5.476562597750644912e-03
-4.657980845888420873e-03
-3.993802366673016024e-03
-3.444816281115370415e-03
-2.998227961809817998e-03
-2.623529855810935452e-03
-2.309736195780676127e-03
-2.044117310360138440e-03
-1.815538782457326583e-03
-1.622192190968818615e-03
-1.454011474620431343e-03
-1.308368345065869182e-03
-1.181338002685938804e-03
-1.069094091456668227e-03
-9.718620056662908820e-04
-8.855415312030157082e-04
-8.092197323549266130e-04
-7.414843436818197020e-04
-6.806253009604690263e-04
-6.267953203649145877e-04
-5.782235529712131950e-04
-5.346833017283447731e-04
-4.954664128828389913e-04
-4.596556628588821525e-04
-4.276140291104568725e-04
-3.982816696181390448e-04
-3.716704130387049609e-04
-3.474063187057230273e-04
-5.236033155292186159e+00
-1.333076482021430920e+00
-5.334745955542539164e-01
-2.641079616688402076e-01
-1.511232969217153055e-01
-9.434059506466117850e-02
-6.301352916952196459e-02
-4.414663238651761468e-02
-3.200481247880549579e-02
-2.404496472202333548e-02
-1.849447331783026990e-02
-1.454692789057054902e-02
-1.164965373414572625e-02
-9.456780879628312597e-03
-7.804384514236927493e-03
-6.506434694266149954e-03
-5.482611036694895468e-03
-4.661659801857287455e-03
-3.990301987634281566e-03
-3.449475419169178991e-03
-2.999661051859670458e-03
-2.625968988462901166e-03
-2.311931041300119283e-03
-2.043497621402656783e-03
-1.817853705433303052e-03
-1.622690914336977208e-03
-1.454578522626315262e-03
-1.308667444307243244e-03
-1.180334221388856797e-03
-1.069649366074454377e-03
-9.717811274120302656e-04
-8.855794322442100963e-04
-8.093466033961549400e-04
-7.410845039658719990e-04
-6.808988530298543118e-04
-6.267546688678016231e-04
-5.783582128269237899e-04
-5.348840298918799974e-04
-4.952876440993403406e-04
-4.599462608072535917e-04
-4.276680065187776769e-04
-3.984494083055789559e-04
-3.718639681267733020e-04
-5.355789824778528718e+00
-1.336154735059816190e+00
-5.297474315590307015e-01
-2.648296631152344816e-01
-1.507867006239518304e-01
-9.440267980902473932e-02
-6.300228948796116057e-02
-4.395013491128496597e-02
-3.202641525644134290e-02
-2.401622077649157028e-02
-1.849458971241402239e-02
-1.454609552430486015e-02
-1.162416072916006016e-02
-9.465566039051909186e-03
-7.798701179841494024e-03
-6.503582579679756392e-03
-5.478663541898186849e-03
-4.650353897075465426e-03
-3.990222652454189500e-03
-3.446414712829692917e-03
-2.998567435515297596e-03
-2.625159690041956040e-03
-2.308291538546836108e-03
-2.043720681403460738e-03
-1.816280848803475401e-03
-1.621478142761478836e-03
-1.453283886715839301e-03
-1.306077134882621888e-03
-1.179701948894051888e-03
-1.068436587381871306e-03
-9.708303059476897090e-04
-8.848343176750539385e-04
-8.081043555348554897e-04
-7.406792992705190119e-04
-6.802128168533760899e-04
-6.263273912508471319e-04
-5.780580903995136133e-04
-5.342122080337907697e-04
-4.951787004447981725e-04
-4.596142651874801643e-04
-4.274956514841998789e-04
-3.983354226576585333e-04
-5.231999842337282658e+00
-1.321812058947976487e+00
-5.311637759183542862e-01
-2.639861540016865682e-01
-1.509943703736755793e-01
-9.447516043702464117e-02
-6.274902126847581307e-02
-4.402895774926385286e-02
-3.201724139972417227e-02
-2.404267377806079686e-02
-1.851264044731948388e-02
-1.452627536474615511e-02
-1.164776966639302462e-02
-9.467988428548013147e-03
-7.803159918995050681e-03
-6.505076025872692271e-03
-5.469814292165309233e-03
-4.654574629614383063e-03
-3.990091100965931226e-03
-3.448121589328389646e-03
-3.000127279569664296e-03
-2.622983651673793659e-03
-2.310391851259585572e-03
-2.043448903246591897e-03
-1.816220991504580162e-03
-1.621138274300992776e-03
-1.451301517945591257e-03
-1.306225577713315822e-03
-1.179080596062420661e-03
-1.068026878291217230e-03
-9.705744154674955659e-04
-8.839536454220974252e-04
-8.081092604207973373e-04
-7.403198422029633186e-04
-6.801013235327446615e-04
-6.263194714761222137e-04
-5.776051764097567265e-04
-5.343558436414208579e-04
-4.950507714364671408e-04
-4.596409680918123186e-04
-4.275668917784192224e-04
-5.366215300475182026e+00
-1.341017759415470412e+00
-5.307175449535921352e-01
-2.649475305745463416e-01
-1.513083010005256135e-01
-9.409190164100578180e-02
-6.288835061561437456e-02
-4.401362758870219771e-02
-3.205477486626029382e-02
-2.406462289387278908e-02
-1.848118656851749711e-02
-1.455555267805919151e-02
-1.164925020071172490e-02
-9.472782245842359394e-03
-7.804160887503130972e-03
-6.493118639508521639e-03
-5.474462858098050333e-03
-4.653944003453203138e-03
-3.991823284988149645e-03
-3.449697528190353701e-03
-2.997277026001499145e-03
-2.625289544852860146e-03
-2.309909950095057063e-03
-2.043243969721220132e-03
-1.815697785320202762e-03
-1.618726602297781980e-03
-1.451372821280383580e-03
-1.305423255001603167e-03
-1.178534491336092000e-03
-1.067661368407413214e-03
-9.695111618415186427e-04
-8.838980779182770142e-04
-8.076488800006775826e-04
-7.401443014636299722e-04
-6.800447916174844369e-04
-6.257715309431755024e-04
-5.777253551624839112e-04
-5.341781344034290946e-04
-4.950477072147019264e-04
-4.596894106344007191e-04
-5.384919243973683933e+00
-1.325798062827718837e+00
-5.311284405326359703e-01
-2.651143010377055020e-01
-1.504134056310029166e-01
-9.424456559376137577e-02
-6.281288757230331365e-02
-4.404729066249579716e-02
-3.207081925694343916e-02
-2.400821286156218023e-02
-1.851484277362591691e-02
-1.455350335726612876e-02
-1.165347549408202177e-02
-9.472562445364873795e-03
-7.787752281350868166e-03
-6.498266059796198313e-03
-5.473228889040560041e-03
-4.655830882937639359e-03
-3.993566559471806166e-03
-3.446162419095233354e-03
-3.000011049577033795e-03
-2.624717660797748486e-03
-2.309690956842413555e-03
-2.042650036627291499e-03
-1.812909484051994369e-03
-1.618836852895766398e-03
-1.450476480711171412e-03
-1.304828073621200346e-03
-1.178142642400126228e-03
-1.066478999000253442e-03
-9.694719909060235371e-04
-8.834004262844862313e-04
-8.074728588912670783e-04
-7.400992538038054765e-04
-6.794499920628194189e-04
-6.259221607579634750e-04
-5.775437961628715478e-04
-5.341901131630244492e-04
-4.951154692069414942e-04
-5.236038507309201506e+00
-1.333377469969930118e+00
-5.338276753248375472e-01
-2.643411500678381487e-01
-1.512448404800910140e-01
-9.440756014750828484e-02
-6.305756396942595321e-02
-4.419197658411699869e-02
-3.206567457436438479e-02
-2.411164760664497031e-02
-1.855281089199323219e-02
-1.459042571845303726e-02
-1.167666229639885422e-02
-9.469150866747155781e-03
-7.808462728091658533e-03
-6.508001984139921703e-03
-5.484764784049800390e-03
-4.665439479209165796e-03
-3.995416441640475824e-03
-3.454621090551945883e-03
-3.003652296997727945e-03
-2.628118726174411002e-03
-2.312085915142425563e-03
-2.042018073067475292e-03
-1.815308719120056757e-03
-1.619759618292304637e-03
-1.451497029201220812e-03
-1.305862001100832831e-03
-1.178093465464269190e-03
-1.067578077710629181e-03
-9.699176521670294093e-04
-8.840978830475521022e-04
-8.082177720423189271e-04
-7.401424353148944313e-04
-6.802549850554173716e-04
-6.262919494796070907e-04
-5.780732186372871144e-04
-5.347314102894240584e-04
-5.355974020663767377e+00
-1.336387235072469037e+00
-5.299026389772620860e-01
-2.649145047170224920e-01
-1.508370936318499389e-01
-9.443466258994059892e-02
-6.304170542224407647e-02
-4.401634252601382968e-02
-3.210552626977424689e-02
-2.408808382280014371e-02
-1.854987029052557190e-02
-1.458188686025185983e-02
-1.164206593160677095e-02
-9.473233815284531900e-03
-7.803261908835956717e-03
-6.508777700548917799e-03
-5.485707021514741634e-03
-4.658857542041872080e-03
-3.998560862346400846e-03
-3.453129197179216625e-03
-3.002854728317405630e-03
-2.626873639154925222e-03
-2.307888972958638263e-03
-2.041911651897154734e-03
-1.813891128200739722e-03
-1.618807076747108553e-03
-1.450838997853032492e-03
-1.304203655450253407e-03
-1.177951346467809302e-03
-1.066860101267330663e-03
-9.696321581206257534e-04
-8.839865019368841085e-04
-8.074228251708226445e-04
-7.402958875339371581e-04
-6.799999263539246996e-04
-6.262845563129726401e-04
-5.781382116314404129e-04
-5.231929803607209273e+00
-1.321780189648424919e+00
-5.311581390464232832e-01
-2.639776028160181198e-01
-1.509697917030327907e-01
-9.446864251329212259e-02
-6.279139722104631893e-02
-4.410075319229878055e-02
-3.208895827175539672e-02
-2.410000235914888655e-02
-1.854991836485542223e-02
-1.454383694931626891e-02
-1.165430010867640753e-02
-9.471974146664230432e-03
-7.808838215509928717e-03
-6.513633682201258601e-03
-5.480562399551636155e-03
-4.665324455844443996e-03
-3.998935335912778832e-03
-3.454039201770453538e-03
-3.002933591211176534e-03
-2.623220778153356747e-03
-2.308916427083973488e-03
-2.041248180554178226e-03
-1.813655564778860136e-03
-1.618800467945491484e-03
-1.449594743674564867e-03
-1.304626928964492056e-03
-1.177649801910818578e-03
-1.066997893059751235e-03
-9.699158327076129460e-04
-8.834563421145080753e-04
-8.079257247929905184e-04
-7.403077842399463648e-04
-6.802615639538434067e-04
-6.266012782366047222e-04
-5.366124786239259592e+00
-1.341011912562018127e+00
-5.306651678932050586e-01
-2.648302322064544079e-01
-1.512062204381976471e-01
-9.406882279513741063e-02
-6.292237311333637173e-02
-4.406312711738458177e-02
-3.209818252976460312e-02
-2.409144606321200408e-02
-1.848886837710383979e-02
-1.455329756911205585e-02
-1.164682405498740358e-02
-9.474644211847627062e-03
-7.811149327833445156e-03
-6.503942480816538030e-03
-5.486025399704774763e-03
-4.663638661228097781e-03
-3.998267193630278271e-03
-3.452599677966627922e-03
-2.997243065442356524e-03
-2.623322825309970519e-03
-2.307172738461926720e-03
-2.040150882881897054e-03
-1.812925743620796837e-03
-1.616735531801971604e-03
-1.449536091567282803e-03
-1.303800983540104319e-03
-1.177387192431433860e-03
-1.066946488205045007e-03
-9.689844864057550744e-04
-8.837311798334245320e-04
-8.076785960740574507e-04
-7.403694913756808660e-04
-6.804078435868055053e-04
-5.385072214150451231e+00
-1.325742583817398179e+00
-5.308912727615573424e-01
-2.648692084498978083e-01
-1.502813688630304512e-01
-9.420639684549536597e-02
-6.281390807103082174e-02
-4.405754703668507410e-02
-3.207281801579697778e-02
-2.399441188156736793e-02
-1.849439197478419672e-02
-1.453745754107349519e-02
-1.164620402098681673e-02
-9.474162146667519657e-03
-7.795959817520126990e-03
-6.508639131144633438e-03
-5.482142318423033345e-03
-4.661363257940642768e-03
-3.995243334817377701e-03
-3.444632348036047020e-03
-2.996431120228959522e-03
-2.620447095187716357e-03
-2.305191944583340202e-03
-2.038685068808554490e-03
-1.809993689627531271e-03
-1.616202965391777546e-03
-1.448174781440658698e-03
-1.303141345034175558e-03
-1.177007220958703254e-03
-1.065602884083638457e-03
-9.690433910962137354e-04
-8.832274141487017616e-04
-8.075479489944581424e-04
-7.403536665255283644e-04
-5.236029368764816283e+00
-1.333086841768996500e+00
-5.334964833287618724e-01
-2.641342593853166498e-01
-1.511493122457951976e-01
-9.436488311330970546e-02
-6.303652896251854543e-02
-4.416953906004761343e-02
-3.202879018982041082e-02
-2.407047767701464558e-02
-1.852094143856652941e-02
-1.457251259661873632e-02
-1.167205106764601825e-02
-9.474462294915443963e-03
-7.817572804935113417e-03
-6.515996069431428950e-03
-5.489075494884421147e-03
-4.665404759216507102e-03
-3.991773498210559289e-03
-3.448752827119760511e-03
-2.997187924727140029e-03
-2.621592604760358824e-03
-2.306372516916788129e-03
-2.037704509166071709e-03
-1.811452582989092402e-03
-1.616398825207254752e-03
-1.448939926308679066e-03
-1.304017543768520859e-03
-1.176610362626284711e-03
-1.066662845249810587e-03
-9.693426097026058841e-04
-8.838464592192396552e-04
-8.082068156538002590e-04
-5.355812438754455229e+00
-1.336175589985083345e+00
-5.297649237793264909e-01
-2.648443730269196550e-01
-1.508003565090727527e-01
-9.441748084513013062e-02
-6.302029316828593186e-02
-4.397290763440064865e-02
-3.205425515595150543e-02
-2.404798307617994624e-02
-1.852729223650717572e-02
-1.457607521593651256e-02
-1.164882508737608013e-02
-9.484692591029464381e-03
-7.813102824019257930e-03
-6.513834028123222965e-03
-5.485260027150995477e-03
-4.653885349133579652e-03
-3.990843423172463211e-03
-3.444711145746293113e-03
-2.994417420297712518e-03
-2.619467784678586320e-03
-2.302218423613777709e-03
-2.036840700125663872e-03
-1.809457500877242886e-03
-1.615360983114544347e-03
-1.448265148545901937e-03
-1.302086257707002481e-03
-1.176523931174400022e-03
-1.065856859414626712e-03
-9.690287898382887732e-04
-8.836856855133912170e-04
-5.231992351354109339e+00
-1.321798117848305143e+00
-5.311490288787785730e-01
-2.639748150459206855e-01
-1.509897396925490298e-01
-9.447973869723047535e-02
-6.276460146166273901e-02
-4.405549185305801529e-02
-3.205277084504487561e-02
-2.408255291905891937e-02
-1.855118820179058048e-02
-1.455926742567936749e-02
-1.167418544599141406e-02
-9.488427359435445615e-03
-7.818168478506026808e-03
-6.515264648049412521e-03
-5.475938472495277785e-03
-4.656877203390585862e-03
-3.989340522567829360e-03
-3.444239657471981353e-03
-2.994253839241567405e-03
-2.616550175751575225e-03
-2.302906627609568879e-03
-2.035958239195334585e-03
-1.809503976309079004e-03
-1.615655433692353427e-03
-1.446971698117360816e-03
-1.302801052268764970e-03
-1.176315962303053908e-03
-1.066127822619944432e-03
-9.693999368166061892e-04
-5.366164627698439382e+00
-1.340968293110887277e+00
-5.306755202063531129e-01
-2.649174721978280189e-01
-1.512936600434486856e-01
-9.409544260171287533e-02
-6.291036202504041164e-02
-4.405165368308950474e-02
-3.210225030939040103e-02
-2.411321416053601938e-02
-1.852439875408307124e-02
-1.459113809554746233e-02
-1.167738327051348612e-02
-9.493879892627288264e-03
-7.818947125795340861e-03
-6.502544421425282550e-03
-5.478882491409264865e-03
-4.654365696993290058e-03
-3.988236475993889307e-03
-3.443549364236520027e-03
-2.990347322277098641e-03
-2.617004297091218845e-03
-2.301545749156863174e-03
-2.035740803475349914e-03
-1.809598513500043854e-03
-1.613936262727322379e-03
-1.447603030607758079e-03
-1.302390920763674348e-03
-1.176474786349302132e-03
-1.066414236023716100e-03
-5.384840630125435013e+00
-1.325727198227503401e+00
-5.310715258554075113e-01
-2.650768381674142304e-01
-1.504006784367213356e-01
-9.425878870078907568e-02
-6.285207850330598589e-02
-4.410301939580585362e-02
-3.213148146935385085e-02
-2.406429297628043251e-02
-1.856229924608832071e-02
-1.459176737695533355e-02
-1.168266159605324539e-02
-9.493487570053416036e-03
-7.801591216003878927e-03
-6.505514215988217330e-03
-5.475216621379618530e-03
-4.652653756500813031e-03
-3.987081120554348580e-03
-3.438604732603933734e-03
-2.990706185776015325e-03
-2.615237282504456751e-03
-2.301178703639994438e-03
-2.035750308376549356e-03
-1.807510324769334709e-03
-1.614599910612857236e-03
-1.447072884160349737e-03
-1.302527353438720286e-03
-1.176761835145478940e-03
-5.235942701090287699e+00
-1.333292955804437518e+00
-5.337630612038677391e-01
-2.643062566460150364e-01
-1.512462093952491315e-01
-9.444532655874017524e-02
-6.312179600769840526e-02
-4.426713716367558504e-02
-3.213826611945735934e-02
-2.417498515086791144e-02
-1.860502452623813419e-02
-1.463097687034276007e-02
-1.170636614240527958e-02
-9.489400627293198554e-03
-7.819916863341489985e-03
-6.512428902655019967e-03
-5.482426262899853242e-03
-4.658754691777677870e-03
-3.987237706285173822e-03
-3.444150847897731182e-03
-2.992853273313667017e-03
-2.618401891311017415e-03
-2.304226847462343287e-03
-2.035886215927984466e-03
-1.810505475936863284e-03
-1.615901148945164678e-03
-1.448895094008251228e-03
-1.304306734926874434e-03
-5.355861318157833395e+00
-1.336290241766120435e+00
-5.298376366872306065e-01
-2.648952453943471119e-01
-1.508681220914533938e-01
-9.450548686089721429e-02
-6.313254112352972847e-02
-4.410883625116635010e-02
-3.218928458653325109e-02
-2.415905897942071875e-02
-1.860621717533406452e-02
-1.462414982479476322e-02
-1.167173565282286947e-02
-9.491096785671948588e-03
-7.811653194702893564e-03
-6.508197500678658542e-03
-5.479332918583712519e-03
-4.650364879282719265e-03
-3.987006133431170163e-03
-3.440988560581170752e-03
-2.991888848281609725e-03
-2.618028190345622185e-03
-2.301015999372046927e-03
-2.036543640557386681e-03
-1.809581302954388132e-03
-1.615920043040564025e-03
-1.449135731264483695e-03
-5.231794117935104182e+00
-1.321674768113235476e+00
-5.311068598397284957e-01
-2.639922612681245284e-01
-1.510411949003209742e-01
-9.457331430320947696e-02
-6.290574230481049689e-02
-4.420947036774048461e-02
-3.218448366102254904e-02
-2.417801322724333346e-02
-1.861008787852624913e-02
-1.458737900551665412e-02
-1.168194814836609474e-02
-9.486760091222734559e-03
-7.811573744969546595e-03
-6.508526945889547832e-03
-5.472406753718184191e-03
-4.652990098623521753e-03
-3.985587911893294887e-03
-3.441907943042776807e-03
-2.993190975093317895e-03
-2.615705346670771370e-03
-2.303081963821007605e-03
-2.036575762645598253e-03
-1.810578724404487971e-03
-1.617049392315439644e-03
-5.365971903530866172e+00
-1.340916406530965777e+00
-5.306485903677722327e-01
-2.648881751109568583e-01
-1.513145989028230887e-01
-9.420047132621567343e-02
-6.305658264303271032e-02
-4.418714395960043895e-02
-3.220333046972134738e-02
-2.417535047972219076e-02
-1.855153582277235813e-02
-1.459486437282175864e-02
-1.167106015243013495e-02
-9.482682648660478719e-03
-7.808558345795634480e-03
-6.497013215073677017e-03
-5.473355484802101302e-03
-4.649311090455743312e-03
-3.985132321533080280e-03
-3.442127051407561922e-03
-2.989260904270984575e-03
-2.617192595885442508e-03
-2.302291338536432974e-03
-2.037040442791960160e-03
-1.811284094799914257e-03
-5.384925907881345175e+00
-1.325676705798250143e+00
-5.309113435868879627e-01
-2.649577449573943255e-01
-1.504133266880432196e-01
-9.435727195885901253e-02
-6.296428234131945523e-02
-4.419187765246057609e-02
-3.218477902539063074e-02
-2.408091510112475575e-02
-1.855376045277390418e-02
-1.457404000635165002e-02
-1.166130220270900075e-02
-9.475073314729298701e-03
-7.790947101268042019e-03
-6.495834425649493760e-03
-5.466829493863013291e-03
-4.647199439935856269e-03
-3.984072415957107260e-03
-3.436264269196520615e-03
-2.990107126533692039e-03
-2.615457593212577869e-03
-2.302167696447421797e-03
-2.037286245567870857e-03
-5.235897172270060018e+00
-1.333034804698009834e+00
-5.335254558401829605e-01
-2.642325492120095043e-01
-1.512939988110124645e-01
-9.452952630157372693e-02
-6.319605295655938981e-02
-4.431109222297435063e-02
-3.214266774981267699e-02
-2.415080821816295575e-02
-1.857219847531532686e-02
-1.459574545709418740e-02
-1.167674163470433513e-02
-9.471493873099978700e-03
-7.804218909945093152e-03
-6.499122138856172626e-03
-5.473385866750168915e-03
-4.653204702569579965e-03
-3.982825740728057617e-03
-3.442123214930315356e-03
-2.992018116287464835e-03
-2.618641037495317726e-03
-2.305247923577669489e-03
-5.355661167245137300e+00
-1.336103277338100082e+00
-5.297867606057988787e-01
-2.649486204979947246e-01
-1.509564362866151477e-01
-9.459062452192834591e-02
-6.318941361893282149e-02
-4.411603418238696506e-02
-3.215742694752843356e-02
-2.411515469471936166e-02
-1.855855790456706345e-02
-1.458368921272357177e-02
-1.164716676983923449e-02
-9.469514035606032068e-03
-7.793324303447146661e-03
-6.495494900303211416e-03
-5.471212087968192229e-03
-4.643785977127556919e-03
-3.983495218201626997e-03
-3.439041859723879647e-03
-2.991324718415788730e-03
-2.618485792968971992e-03
-5.231794026958411337e+00
-1.321706358240112067e+00
-5.311752296897864767e-01
-2.640923202927671909e-01
-1.511605659555108616e-01
-9.467609462100656792e-02
-6.294225318542046033e-02
-4.418570392027376670e-02
-3.213848077592618147e-02
-2.412199415335170016e-02
-1.856051990538509777e-02
-1.455789521971806270e-02
-1.165526635616065398e-02
-9.463692704447801418e-03
-7.795444294390385664e-03
-6.498082461266263543e-03
-5.463768796028944941e-03
-4.648131320915681840e-03
-3.982636989062426913e-03
-3.440629144947249252e-03
-2.993161764959673121e-03
-5.365941472888554387e+00
-1.340877150740812596e+00
-5.307108630441024211e-01
-2.650618160899314568e-01
-1.515230941812779619e-01
-9.432256835372854198e-02
-6.307853592050814695e-02
-4.416296328085710793e-02
-3.215197482536690660e-02
-2.412365239084745747e-02
-1.852276915773432009e-02
-1.456630760901300725e-02
-1.164513483259654869e-02
-9.464554227242016893e-03
-7.796980934564046173e-03
-6.487128634745542577e-03
-5.467870139076680402e-03
-4.645940376693303599e-03
-3.983620570901402758e-03
-3.442016643092293826e-03
-5.384581248902629902e+00
-1.325601919345673396e+00
-5.311432777901661240e-01
-2.653578663283204797e-01
-1.507133111009957283e-01
-9.449054886790020369e-02
-6.300627242870038280e-02
-4.417034529908492324e-02
-3.214466487088896152e-02
-2.406364961735629748e-02
-1.852967916393288839e-02
-1.454914547542607295e-02
-1.164413080703874392e-02
-9.464801206104711540e-03
-7.781575316466615710e-03
-6.491253478218217410e-03
-5.464296356315180049e-03
-4.646499909790380300e-03
-3.984764377396476931e-03
-5.235511251099731034e+00
-1.333194322199866555e+00
-5.341330477234347285e-01
-2.647770453520559286e-01
-1.515923945865429445e-01
-9.467932690101089899e-02
-6.322468779512613324e-02
-4.428943544626307016e-02
-3.214373658046421056e-02
-2.413352949078806375e-02
-1.854875085519447353e-02
-1.457996608803746423e-02
-1.166848057377167791e-02
-9.463061830115139864e-03
-7.801171582901611501e-03
-6.498040434773644236e-03
-5.474079565141898307e-03
-4.655250533954879977e-03
-5.355426092170507246e+00
-1.336774308132491207e+00
-5.305525042407269742e-01
-2.654220123088051331e-01
-1.512458273006767051e-01
-9.468077990587775439e-02
-6.318016978312135379e-02
-4.413453665843825036e-02
-3.214144381882233503e-02
-2.408684611392097885e-02
-1.853957782986537239e-02
-1.457453494557725548e-02
-1.163730886650182587e-02
-9.466606410193700860e-03
-7.792787282718261800e-03
-6.496995764987745225e-03
-5.474261013764358808e-03
-5.232146555028799106e+00
-1.322533581037739214e+00
-5.318485865093918186e-01
-2.646373818416938306e-01
-1.513821876121266286e-01
-9.469759060318794219e-02
-6.299685367463236929e-02
-4.417363328120083033e-02
-3.210223870786355072e-02
-2.409717370964181357e-02
-1.854915237376308923e-02
-1.454519367500139819e-02
-1.165200930039045346e-02
-9.463540075680731967e-03
-7.797771461529602079e-03
-6.502285293673470967e-03
-5.365924581845252561e+00
-1.341700545688317758e+00
-5.318134998069417030e-01
-2.656348120081974962e-01
-1.516604780275643549e-01
-9.448597609216102811e-02
-6.309761216261988714e-02
-4.412767591987032390e-02
-3.212628091982128176e-02
-2.411447252242227002e-02
-1.850961975332854337e-02
-1.456538944800533919e-02
-1.164771870541070516e-02
-9.469702870421370378e-03
-7.804067195594454297e-03
-5.384938747909838064e+00
-1.327362678966155229e+00
-5.322809998943706100e-01
-2.656594054529137772e-01
-1.510850441293296598e-01
-9.456361067602414572e-02
-6.296971254904716597e-02
-4.414012453599825553e-02
-3.213674220338802456e-02
-2.404806124851521787e-02
-1.853117829240202852e-02
-1.455506210911505782e-02
-1.165281925591021839e-02
-9.475556852707733846e-03
-5.236785687843853232e+00
-1.334812412255126368e+00
-5.344662416005472316e-01
-2.655494707496695028e-01
-1.517414887899497244e-01
-9.462026202738504921e-02
-6.317106154885210323e-02
-4.427266226760395718e-02
-3.211586202044314220e-02
-2.413292510450016151e-02
-1.855547291564407786e-02
-1.459057424387477653e-02
-1.168189876428371576e-02
-5.357674992826181537e+00
-1.336855035000505509e+00
-5.326097101171511916e-01
-2.658483781148786029e-01
-1.511984172050744313e-01
-9.461007020278455748e-02
-6.316216832282561811e-02
-4.409339065828787874e-02
-3.214220482100116349e-02
-2.409802478825406880e-02
-1.855499188978848579e-02
-1.459291264356732398e-02
-5.225386558090922229e+00
-1.328672759815659354e+00
-5.329967295038651187e-01
-2.646625503669830515e-01
-1.512950430782331601e-01
-9.468524315005488745e-02
-6.293351761677312695e-02
-4.417820591000087838e-02
-3.212217608840717276e-02
-2.412096686736386539e-02
-1.857533203429739821e-02
-5.385491682654777179e+00
-1.343539708137840405e+00
-5.319151867858655791e-01
-2.655341598010299564e-01
-1.516852783870965560e-01
-9.439259299466362663e-02
-6.312180714324733266e-02
-4.417449839418673835e-02
-3.217321126528016606e-02
-2.416000414304275701e-02
-5.367539395589060014e+00
-1.323808061876291520e+00
-5.310805383365484467e-01
-2.653354147094901805e-01
-1.506996665481317166e-01
-9.450738552959814243e-02
-6.300298728833596262e-02
-4.419166748905456465e-02
-3.219293618191421125e-02
-5.247898174603608190e+00
-1.336784333241820999e+00
-5.351115175835809978e-01
-2.650360986441464561e-01
-1.517322766628912412e-01
-9.473009851350733257e-02
-6.328715768986149792e-02
-4.438063140369408188e-02
-5.357397023816849568e+00
-1.337825741572615135e+00
-5.307379167940480258e-01
-2.655787223826839849e-01
-1.513226429107756843e-01
-9.479349456690801257e-02
-6.334253068499662298e-02
-5.232792037723446477e+00
-1.322367182436199329e+00
-5.318426089160643855e-01
-2.646246479461300538e-01
-1.515023414189267115e-01
-9.494127662279194801e-02
-5.365336565632777166e+00
-1.341131965627288203e+00
-5.312792328916744466e-01
-2.655100067668767494e-01
-1.518984466249402310e-01
-5.384196749256428660e+00
-1.326019980934557418e+00
-5.315789563378148230e-01
-2.657560653561303887e-01
-5.236088732203471707e+00
-1.333892697341077849e+00
-5.346748859519999675e-01
-5.356027007708157761e+00
-1.337386534052999565e+00
-5.232541757012285188e+00
-4.344850092525700002e-07
-4.635548825029622013e-07
-4.950579822822308214e-07
-5.296871284847481526e-07
-5.669712365273992257e-07
-6.079295182189964146e-07
-6.526837099142598344e-07
-7.017193400807544810e-07
-7.561903707938862512e-07
-8.153192172796056715e-07
-8.806916627317891654e-07
-9.524636845501662858e-07
-1.031385902009577915e-06
-1.119471561082472530e-06
-1.215699608826812915e-06
-1.322864966422864301e-06
-1.441433964056952633e-06
-1.572733843855945262e-06
-1.719889370499825270e-06
-1.880498368225500546e-06
-2.058300492681890255e-06
-2.252425471402047989e-06
-2.462487903862173224e-06
-2.689501128282893445e-06
-2.923594979926714129e-06
-3.160404921276587823e-06
-3.381151424225325477e-06
-3.558807134539574773e-06
-3.649243686451110275e-06
-3.581241256538416343e-06
-3.256105007012540427e-06
-2.528962408420833346e-06
-1.247281051595029935e-06
7.452770929562388935e-07
3.373653685558287049e-06
6.369624045119727100e-06
9.094164674354831917e-06
1.087991024789124575e-05
1.120745826350281798e-05
1.016101987857326608e-05
8.349965191375041768e-06
6.312131879924101308e-06
4.450681909669232186e-06
2.931661012532412141e-06
1.819086201407091978e-06
1.017731525273608074e-06
4.692310102301556184e-07
1.017603869912228927e-07
-4.941251635589422932e-07
-5.279591670249756862e-07
-5.651707144160165995e-07
-6.052604864015223872e-07
-6.493272164564090039e-07
-6.975071169358832863e-07
-7.503291457105307207e-07
-8.090418378977506765e-07
-8.728204826621132715e-07
-9.433827300222063164e-07
-1.020909183930206714e-06
-1.106225240796394318e-06
-1.201520701052946207e-06
-1.305718379829450149e-06
-1.421861007234427381e-06
-1.550481187103999409e-06
-1.693051987691686408e-06
-1.853002228889603677e-06
-2.027788444550261291e-06
-2.221533987719141956e-06
-2.433377298513614403e-06
-2.663008509588930162e-06
-2.911679657053594114e-06
-3.168819280589065785e-06
-3.429914506634702407e-06
-3.674791414439646456e-06
-3.874356700768085843e-06
-3.981014165319701692e-06
-3.917401703935373298e-06
-3.576421567549805446e-06
-2.800259125273067711e-06
-1.422407777616503268e-06
7.279973845103654026e-07
3.570842930485267140e-06
6.815179555969772301e-06
9.767191473794562792e-06
1.170335409424420909e-05
1.206372339361299759e-05
1.094118207574706511e-05
8.995459630793934978e-06
6.806543141234019612e-06
4.807405931190776744e-06
3.175903191037618624e-06
1.980430590600375605e-06
1.118687973726707549e-06
5.281118895641351714e-07
1.317380368659839956e-07
-5.638495171059304216e-07
-6.039016662807660734e-07
-6.470800868847101265e-07
-6.945714597427482661e-07
-7.465285714837362343e-07
-8.035289817711792464e-07
-8.669263464499125361e-07
-9.358452367731159644e-07
-1.012150050212863499e-06
-1.096050114225344501e-06
-1.188455356556838379e-06
-1.291753173363848434e-06
-1.404807051404072978e-06
-1.530937388544181105e-06
-1.670753978436584583e-06
-1.825896428839265574e-06
-2.000137459516430650e-06
-2.190783376763997141e-06
-2.402393576363448771e-06
-2.634126562744190772e-06
-2.885769949473970956e-06
-3.158860761096057148e-06
-3.442061947131072599e-06
-3.730721634848552990e-06
-4.003133396285596075e-06
-4.227923233644528226e-06
-4.353651391639918874e-06
-4.296077518417219858e-06
-3.938697413725727576e-06
-3.109130974275937005e-06
-1.625092687203508938e-06
7.007210810634412269e-07
3.782720498055382230e-06
7.304524459485487104e-06
1.051086465986800828e-05
1.261531582691565084e-05
1.301286828241784336e-05
1.180627625250587834e-05
9.711547823471552185e-06
7.355542973641995975e-06
5.204192499155641538e-06
3.448351737531999410e-06
2.161208773088755617e-06
1.232633349049163294e-06
5.954279045995614181e-07
1.669606878099981371e-07
-6.459102813984354625e-07
-6.924679307744198449e-07
-7.437091829686371573e-07
-7.998057015934469356e-07
-8.613891372523963420e-07
-9.299293440845797526e-07
-1.004496725576063885e-06
-1.087118086680085190e-06
-1.178036074566807745e-06
-1.278255686995070041e-06
-1.390384325930500268e-06
-1.513223445440859682e-06
-1.650402987394352750e-06
-1.802622247161038780e-06
-1.971710169248156562e-06
-2.161826673444571043e-06
-2.370120057194219776e-06
-2.601643095354461212e-06
-2.855588961301394551e-06
-3.131869252507788932e-06
-3.432359761337971220e-06
-3.744894050476330400e-06
-4.064697944628356543e-06
-4.368392490879099963e-06
-4.622101928364781067e-06
-4.770151675829562697e-06
-4.720636629573558995e-06
-4.346573423139889893e-06
-3.459260738371155595e-06
-1.858666949425196514e-06
6.610455169565453540e-07
4.008413177806489155e-06
7.838731678169212559e-06
1.132811680998846405e-05
1.362000042517816596e-05
1.405951972874616849e-05
1.276061501170332088e-05
1.050189310436715888e-05
7.962082875895847665e-06
5.643357635560087614e-06
3.750804215989658777e-06
2.362825081058937280e-06
1.360669572129127953e-06
6.720521624272410829e-07
2.081267483464770607e-07
-7.418367168737866181e-07
-7.971943008334706141e-07
-8.578387291167422688e-07
-9.244620415488660734e-07
-9.986629131382333442e-07
-1.079453870550016772e-06
-1.169041998457672270e-06
-1.267708695299202151e-06
-1.376566243349918549e-06
-1.498467794525938628e-06
-1.632150144643652296e-06
-1.781589461802520318e-06
-1.947589141721578149e-06
-2.132194167385004650e-06
-2.340001982267553388e-06
-2.567995161681265147e-06
-2.821786821226530253e-06
-3.100623269229948303e-06
-3.404572671588352103e-06
-3.735914318834904858e-06
-4.081582332227072473e-06
-4.436703883010294012e-06
-4.776071156930117432e-06
-5.063057469960862793e-06
-5.237308904103716569e-06
-5.198349366094604674e-06
-4.807478802724024389e-06
-3.857635399818280736e-06
-2.128746150459190494e-06
6.060131897332768317e-07
4.248880694767518308e-06
8.423491214832099340e-06
1.222904489286601997e-05
1.473044782325575903e-05
1.521749370911395932e-05
1.381685530092426527e-05
1.137703304255969553e-05
8.634359678337996986e-06
6.130992638085823937e-06
4.087642767076723681e-06
2.588397255503621185e-06
1.504981417206358851e-06
7.595036932755328769e-07
2.562817704945784394e-07
-8.562406442160176509e-07
-9.219523271279786225e-07
-9.941962883550249958e-07
-1.074716138267074303e-06
-1.162461741861251570e-06
-1.259843261635935086e-06
-1.367187824507369873e-06
-1.485730592879158399e-06
-1.618603423077154621e-06
-1.764475138450122229e-06
-1.927715103592239537e-06
-2.109249759175724440e-06
-2.311374515658240735e-06
-2.539189180519601249e-06
-2.789501184277042234e-06
-3.068570457284118592e-06
-3.375721425991847453e-06
-3.711222125337623350e-06
-4.077841007032841524e-06
-4.461525498821270794e-06
-4.857338630779575889e-06
-5.238048520983688486e-06
-5.563963570357070333e-06
-5.769487816481605405e-06
-5.744411082528252706e-06
-5.336727915961909902e-06
-4.318383205343035618e-06
-2.446283985236776641e-06
5.305757882761596319e-07
4.507642450629887034e-06
9.072612880515622301e-06
1.323706546767369703e-05
1.597654293693631631e-05
1.651841249608787174e-05
1.500405410234888504e-05
1.236124654487068272e-05
9.391296966762758660e-06
6.681148442595633186e-06
4.468925467105843387e-06
2.845009198551565818e-06
1.670447900207573508e-06
8.610846346543312114e-07
3.136066455069522560e-07
-9.913813391065486060e-07
-1.069776553262669659e-06
-1.157219027845011079e-06
-1.252592402789247142e-06
-1.358531463245712918e-06
-1.475416361344822078e-06
-1.604620611392230648e-06
-1.749586496476716581e-06
-1.908913533362235668e-06
-2.087409725748703576e-06
-2.286144370017149273e-06
-2.507698240641597080e-06
-2.757737859550573201e-06
-3.032890852118507601e-06
-3.340150869641459941e-06
-3.678950035342839940e-06
-4.049805027989712561e-06
-4.456065294537610210e-06
-4.882618300105145115e-06
-5.324510426271406225e-06
-5.752311916500649403e-06
-6.122979417761300351e-06
-6.365148983431667227e-06
-6.357749949079377950e-06
-5.933928481043149903e-06
-4.842036816608336637e-06
-2.812993598435880898e-06
4.315940928368006664e-07
4.779992786778418048e-06
9.779796076366801375e-06
1.434446739110303777e-05
1.734961576535918283e-05
1.795346292242643122e-05
1.631413595826498790e-05
1.344779817735366069e-05
1.022776171102367315e-05
7.290223055700396701e-06
4.892344430390581466e-06
3.131324716132665971e-06
1.856445333326715790e-06
9.766639172453608608e-07
3.803009888847573807e-07
-1.153335447382991854e-06
-1.248511211455100320e-06
-1.352415375670641871e-06
-1.467936152905765595e-06
-1.595516308132153958e-06
-1.736688189560528570e-06
-1.895246854707980422e-06
-2.069720247876951980e-06
-2.265415645530128114e-06
-2.483571461538282612e-06
-2.727100194135741871e-06
-3.002320892973032076e-06
-3.305674456239176320e-06
-3.645004097906579550e-06
-4.019889015569770165e-06
-4.431159414870586790e-06
-4.882868643804808509e-06
-5.358746137842342934e-06
-5.853885517798313155e-06
-6.336428121501379827e-06
-6.759596404131550699e-06
-7.045557052384970115e-06
-7.060872179192149853e-06
-6.621773954769341422e-06
-5.449537906555370016e-06
-3.245106302441611908e-06
3.016151954183645120e-07
5.071220978165674891e-06
1.056563010599178701e-05
1.558610227553860331e-05
1.889408399944188878e-05
1.956957271802703066e-05
1.779014213141555837e-05
1.467257026068115429e-05
1.117164368447646320e-05
7.978854589257067172e-06
5.372612028932527406e-06
3.457655485397515249e-06
2.070033745468123340e-06
1.110984668389846390e-06
4.594671301200502866e-07
-1.349006902194862013e-06
-1.462404858392450282e-06
-1.588601916238377822e-06
-1.728114446306172038e-06
-1.882656418842188847e-06
-2.056422218225621029e-06
-2.247867143787715690e-06
-2.462864592344830978e-06
-2.702852504895949170e-06
-2.971127733578150741e-06
-3.274758271138812929e-06
-3.609994615006018388e-06
-3.985660792293096995e-06
-4.401532559024769962e-06
-4.858832750709808073e-06
-5.362465143882970211e-06
-5.894905218536447314e-06
-6.451381549638392278e-06
-6.997371140514112619e-06
-7.481961551357924437e-06
-7.820101246127766833e-06
-7.864319269670328900e-06
-7.411645450848469326e-06
-6.152362999449294957e-06
-3.752910296161292618e-06
1.334423769358340274e-07
5.379225762875736518e-06
1.143451468033357879e-05
1.697259443171720371e-05
2.062481884444119452e-05
2.138295940825363068e-05
1.944710394634366438e-05
1.604822927226093551e-05
1.223301247874488434e-05
8.754791856815625511e-06
5.915590599535061444e-06
3.828448135012777774e-06
2.314588818940546367e-06
1.266629715186478941e-06
5.530974113707951063e-07
-1.583962423897062900e-06
-1.722094921937798769e-06
-1.874964975358697644e-06
-2.044495053196649947e-06
-2.235333350154445944e-06
-2.445862324195536575e-06
-2.682599904173189037e-06
-2.947220298824051744e-06
-3.243467604425453383e-06
-3.579273200389681699e-06
-3.950695971222672285e-06
-4.367697448135733405e-06
-4.830312656668515995e-06
-5.340255757299848661e-06
-5.903461272290618287e-06
-6.501047940541994295e-06
-7.128495612935531146e-06
-7.748355669677509705e-06
-8.305126821811217110e-06
-8.705678526952593328e-06
-8.786547825512857081e-06
-8.322864279437564608e-06
-6.969257769235863880e-06
-4.352236174196034505e-06
-8.248991496800785892e-08
5.704106164026499495e-06
1.239850234144923905e-05
1.852726486315836357e-05
2.257271992760844396e-05
2.342665347271782092e-05
2.131536183963383586e-05
1.760009138773571466e-05
1.343165606097370920e-05
9.632867779726698188e-06
6.532095960623268292e-06
4.251539508639479839e-06
2.595737534688641574e-06
1.447635085552153061e-06
6.640828313941862643e-07
-1.871812050169805862e-06
-2.039840965204454047e-06
-2.226405231946341632e-06
-2.436676375027477178e-06
-2.668964156486601985e-06
-2.930531190323569973e-06
-3.223335668116535976e-06
-3.551650011306333968e-06
-3.924416388461497231e-06
-4.337502439845346963e-06
-4.802209766943617160e-06
-5.318917056063308142e-06
-5.889961196055460110e-06
-6.522546531401116833e-06
-7.196312597780889720e-06
-7.907153142170811748e-06
-8.614376683694082798e-06
-9.257330830869407850e-06
-9.733727988324302621e-06
-9.861605233589143158e-06
-9.390732228951130918e-06
-7.934057824759118004e-06
-5.071091840590304540e-06
-3.621611642836842998e-07
6.048181878913426435e-06
1.348243716937723069e-05
2.029621659193613521e-05
2.479827635491438796e-05
2.576524887532277014e-05
2.345439365256697729e-05
1.937793058183572874e-05
1.480654625674636446e-05
1.064228538962306896e-05
7.243354098312643364e-06
4.742210111656381961e-06
2.924335359899376346e-06
1.661666357995649056e-06
7.977944924261794805e-07
-2.221013945267850106e-06
-2.426550006134824671e-06
-2.658499985740015722e-06
-2.915105192128103607e-06
-3.204472066691079442e-06
-3.528893553789114119e-06
-3.893254644534279441e-06
-4.307658352585976518e-06
-4.767792270980257282e-06
-5.286507126313275908e-06
-5.864623126903867976e-06
-6.505248324728842578e-06
-7.217118217728723852e-06
-7.978302359350404084e-06
-8.785308883740723234e-06
-9.593932129184225995e-06
-1.033785907579303929e-05
-1.090462707654299907e-05
-1.109127980672855911e-05
-1.061876390466364038e-05
-9.052186878309343592e-06
-5.916743438928941726e-06
-7.142612265738511023e-07
6.402057890081767906e-06
1.467688444820428524e-05
2.227020763182553618e-05
2.729231278576582672e-05
2.838975012695568037e-05
2.585582923338114483e-05
2.137459619673633045e-05
1.635217746296677174e-05
1.177923367607119100e-05
8.047059780985311715e-06
5.299318300612247401e-06
3.300107998012036728e-06
1.909050833890591950e-06
9.549595384616767251e-07
-2.650813891407558145e-06
-2.907393855086990864e-06
-3.191677950216806690e-06
-3.512747156110935705e-06
-3.873296439915471662e-06
-4.278934724768346113e-06
-4.741124526263390446e-06
-5.255388944387291659e-06
-5.836405223760419307e-06
-6.485567314043399444e-06
-7.206954241649599854e-06
-8.011184559170849987e-06
-8.874645486468202285e-06
-9.794736354687079199e-06
-1.072339492172483256e-05
-1.158799215039055880e-05
-1.226456795703288519e-05
-1.252587924711760587e-05
-1.205946545979507898e-05
-1.037438709454061298e-05
-6.931720706735354612e-06
-1.163843565805052657e-06
6.767611904558244893e-06
1.601707667152433298e-05
2.451600163170364644e-05
3.014288020927145410e-05
3.139423177280203909e-05
2.860615912897596723e-05
2.366230985527774578e-05
1.812497786752305764e-05
1.308592202133674778e-05
8.973856993493139954e-06
5.944916266033555170e-06
3.738731407934487395e-06
2.200878994427965304e-06
1.143376378540972205e-06
-3.184958663000226661e-06
-3.500579816521240826e-06
-3.857613864577302530e-06
-4.259237040255407880e-06
-4.711911095134157161e-06
-5.228685713010029469e-06
-5.804948209089282320e-06
-6.457523694341587406e-06
-7.188546453965402972e-06
-8.003313891382268281e-06
-8.914756860223075835e-06
-9.897494340885021430e-06
-1.095018433249993252e-05
-1.202059073142854964e-05
-1.302910748962327635e-05
-1.383888091413918592e-05
-1.419468053019192677e-05
-1.374545747104795597e-05
-1.193474924572138670e-05
-8.148017461031564982e-06
-1.735197420606509139e-06
7.134490787086189605e-06
1.751120294348540020e-05
2.705987764130876171e-05
3.338867369911675646e-05
3.482146164097818839e-05
3.174503349106738378e-05
2.627438586257880993e-05
2.015139512180305105e-05
1.458274048128289878e-05
1.003926454217768896e-05
6.690890233790156596e-06
4.249352300078478981e-06
2.544267229595727124e-06
1.368642473421183033e-06
-3.846501434331334990e-06
-4.244474580432764684e-06
-4.692959578152290080e-06
-5.199427715654346069e-06
-5.778790753892978838e-06
-6.426344271920620595e-06
-7.161452500073575846e-06
-7.987204395406355065e-06
-8.910430948993115942e-06
-9.946916811902226991e-06
-1.106944765522632553e-05
-1.227842953857651290e-05
-1.351713689694735865e-05
-1.469826962246815646e-05
-1.567049931235202454e-05
-1.614620130609490577e-05
-1.572953070072427659e-05
-1.378695575848793514e-05
-9.614142116731233255e-06
-2.462406672752473560e-06
7.493025474191760592e-06
1.918118845363159074e-05
2.995418010032221016e-05
3.710269224300904084e-05
3.875069481069400571e-05
3.534543087249292551e-05
2.927173514357979124e-05
2.247921446699553352e-05
1.630583942878081964e-05
1.127007223367672963e-05
7.557100157454828390e-06
4.846674915676254446e-06
2.950176279892653049e-06
1.638988382044526081e-06
-4.685157824312771099e-06
-5.187966246048680553e-06
-5.756955584747863101e-06
-6.409262246170128514e-06
-7.140154611854255219e-06
-7.972055072296770648e-06
-8.909302868374697947e-06
-9.960694483780158619e-06
-1.114560897224588985e-05
-1.243495133305978689e-05
-1.383157330420061847e-05
-1.527392215515891566e-05
-1.666615206152936282e-05
-1.784050321732606346e-05
-1.847120980910715366e-05
-1.810949954996636714e-05
-1.602940746134306620e-05
-1.141769605043233984e-05
-3.405058049762153882e-06
7.830175992472646244e-06
2.107388066817051929e-05
3.330350609716981752e-05
4.142905289436043360e-05
4.333829259014414063e-05
3.955185313886968424e-05
3.277549923143119581e-05
2.520378018678177574e-05
1.832743013965191660e-05
1.271970140089098755e-05
8.582959680846045399e-06
5.559639898247219046e-06
3.439922910400415108e-06
1.970168530769003617e-06
-5.742494733228116907e-06
-6.382915204781659795e-06
-7.118807559787434363e-06
-7.945509276138343108e-06
-8.889069790883500304e-06
-9.955432404477829736e-06
-1.115586908757684509e-05
-1.251421192381926183e-05
-1.399953759186671128e-05
-1.561801500088258419e-05
-1.730307442479034268e-05
-1.894961702536039901e-05
-2.037160911352592639e-05
-2.119911085199668472e-05
-2.092177273975711241e-05
-1.870434003267697516e-05
-1.360327162871913420e-05
-4.603601444300415488e-06
8.117795361260566841e-06
2.318005706079434398e-05
3.711796238473203649e-05
4.639106637397995812e-05
4.861208936203743815e-05
4.438979789464622596e-05
3.680649892512920398e-05
2.834147608549375668e-05
2.066045960641062042e-05
1.439863774752878097e-05
9.777242547630718978e-06
6.395763204439793655e-06
4.020064112074179864e-06
2.367971766574653298e-06
-7.099469203583594423e-06
-7.933042372671914892e-06
-8.872089501339159689e-06
-9.947053334313549932e-06
-1.116596861275397322e-05
-1.254328392941281112e-05
-1.410846551949284323e-05
-1.582887457105980344e-05
-1.771522755330354751e-05
-1.969577566445875663e-05
-2.165533128843237813e-05
-2.338726830493208597e-05
-2.446945612771525482e-05
-2.431840754012058425e-05
-2.196672810806382054e-05
-1.631123096807494748e-05
-6.156650084760914734e-06
8.328851245806552457e-06
2.556616870542440203e-05
4.155469098219686413e-05
5.220790964813114249e-05
5.481045042156189735e-05
5.007921078907770675e-05
4.154861918151399292e-05
3.203664910450098723e-05
2.341402656012041546e-05
1.638749166595642297e-05
1.119940302527372139e-05
7.398731908682951771e-06
4.722836203761460651e-06
2.856293439489798598e-06
-8.863166312322732143e-06
-9.933520363785662148e-06
-1.116266451736614419e-05
-1.256135284943411972e-05
-1.414810650277366230e-05
-1.595952485067205582e-05
-1.796153598070688242e-05
-2.017105871684601867e-05
-2.251125765933575685e-05
-2.485621149048756158e-05
-2.697640923926374057e-05
-2.838825963955213713e-05
-2.842158769832795503e-05
-2.594914129033212748e-05
-1.967162614396166309e-05
-8.169638181376041974e-06
8.409013730915102124e-06
2.825001849276322443e-05
4.670399159866779718e-05
5.902037599827744256e-05
6.209149437362002967e-05
5.676697892759124248e-05
4.712495987822793890e-05
3.638670594217843920e-05
2.666301529510668511e-05
1.874314835676790380e-05
1.289296632257994024e-05
8.602036414294490625e-06
5.574312827399170400e-06
3.455667511951253784e-06
-1.115335466848676199e-05
-1.256420078679786016e-05
-1.417573069415150056e-05
-1.601170999361463388e-05
-1.811782262488229525e-05
-2.045906754081822272e-05
-2.306081615759598380e-05
-2.584156308449003098e-05
-2.866423047975894751e-05
-3.127408307804385338e-05
-3.311488944383083119e-05
-3.341320828702244277e-05
-3.084695325163812959e-05
-2.387371535569313185e-05
-1.079248862058571335e-05
8.287180482250344152e-06
3.127045672057849512e-05
5.271459533932151191e-05
6.705325344259108840e-05
7.070511883010867089e-05
6.468417842565294784e-05
5.372830293976202555e-05
4.154313906099658276e-05
3.052272164649590049e-05
2.155202365788281185e-05
1.492302179502499898e-05
1.005487544892180134e-05
6.612078386761697687e-06
4.195117928638305919e-06
-1.420334205558458891e-05
-1.607085801487929654e-05
-1.820823181438003150e-05
-2.067294009286952850e-05
-2.342990337350148774e-05
-2.651618807323351910e-05
-2.984656440575362150e-05
-3.327273326455641034e-05
-3.651231692815993656e-05
-3.892202554490225750e-05
-3.960347241365071288e-05
-3.699250211501052738e-05
-2.923865854089672758e-05
-1.427856000562525902e-05
7.845522418048882590e-06
3.469907843237389142e-05
5.984822084090741037e-05
7.670082054733054293e-05
8.109034865659999456e-05
7.423811706894545607e-05
6.169967775326507041e-05
4.777472442262484692e-05
3.519807942621623213e-05
2.496777831126540236e-05
1.740517764601177571e-05
1.184439493477392563e-05
7.902425086176882162e-06
5.125548582383384621e-06
-1.825127826232470689e-05
-2.074669340507419462e-05
-2.364022460608207574e-05
-2.689807847330830153e-05
-3.057315580686008295e-05
-3.457836251445939611e-05
-3.875513161923376562e-05
-4.279211284236397896e-05
-4.594383206768290592e-05
-4.716346099434999545e-05
-4.459051060344496742e-05
-3.598912767897647876e-05
-1.883465523485286931e-05
6.940117036971833317e-06
3.849653101795978656e-05
6.817716913952505289e-05
8.811398235752428013e-05
9.342592564259867007e-05
8.559345526860338014e-05
7.117371583675276617e-05
5.518582744800411136e-05
4.076865146620182567e-05
2.905132795553217034e-05
2.038710059432652215e-05
1.400860542348281121e-05
9.476306800296129822e-06
6.272616926473418230e-06
-2.373318454655878138e-05
-2.714963005502449739e-05
-3.102321570835726784e-05
-3.542867862398666314e-05
-4.028023543168835960e-05
-4.541121820130296940e-05
-5.048076646784442493e-05
-5.462172310691423545e-05
-5.660787921649751468e-05
-5.420790629914389134e-05
-4.469143600542921238e-05
-2.493004048619504445e-05
5.320877605212605407e-06
4.273407212860772772e-05
7.810258589166677132e-05
1.019259580346534779e-04
1.084252552507132181e-04
9.941214158015209182e-05
8.270278991627607495e-05
6.421032272387313462e-05
4.756452162919180008e-05
3.405004552092445351e-05
2.405512174580598137e-05
1.668837262542632044e-05
1.144135711127819888e-05
7.719454491450481490e-06
-3.127796087460187573e-05
-3.590714063864877123e-05
-4.121798644829127842e-05
-4.713149815187847808e-05
-5.347766478959469389e-05
-5.988847284627207216e-05
-6.535355081395780865e-05
-6.843156405193446862e-05
-6.642680177107084460e-05
-5.597065409722581301e-05
-3.313649467936388043e-05
2.606230258199613896e-06
4.734548010012753556e-05
8.989991978063788507e-05
1.186594438116536637e-04
1.267045379013824512e-04
1.162710736102425744e-04
9.676830149934811725e-05
7.522716269338068922e-05
5.587632492987201527e-05
4.018512081593466511e-05
2.857944265074404373e-05
2.001588476563920894e-05
1.390173651026203887e-05
9.549253692074574832e-06
-4.169895393238620744e-05
-4.813779095340892615e-05
-5.539187585529328604e-05
-6.329657879602278636e-05
-7.146369339295801759e-05
-7.871585410224725507e-05
-8.335473709644747895e-05
-8.209970885029005785e-05
-7.074916754669260781e-05
-4.430496979782685046e-05
-1.776675353451169058e-06
5.222925224803152174e-05
1.039839853279416582e-04
1.391046121965065438e-04
1.491957810231202795e-04
1.370416875468329619e-04
1.140954007212376299e-04
8.880467586904943280e-05
6.613735672462971464e-05
4.778389644973489187e-05
3.420989987600022363e-05
2.418348663704614245e-05
1.700767390678505959e-05
1.188096605161300117e-05
-5.652359043475372230e-05
-6.550243405087243073e-05
-7.544776045516017116e-05
-8.596678541722651938e-05
-9.568875269181524362e-05
-1.026079430557870416e-04
-1.026942363225642497e-04
-9.063109979642019868e-05
-5.993640064187754669e-05
-8.862133995877074664e-06
5.716797989044745975e-05
1.210489262079371257e-04
1.646286595622195614e-04
1.775299541358318673e-04
1.632589958551711141e-04
1.359678520387096548e-04
1.059531716895100009e-04
7.912047022507802006e-05
5.743165774729894793e-05
4.139381628589870586e-05
2.953568758689731837e-05
2.102808374164431815e-05
1.492721266168298307e-05
-7.762279811411186472e-05
-9.019924252741142433e-05
-1.038242076279606829e-04
-1.169152910031943211e-04
-1.271143528250454958e-04
-1.294500948044862310e-04
-1.171298257299661292e-04
-8.162443551575500030e-05
-1.995607482624719490e-05
6.154743176248675114e-05
1.413366032374329501e-04
1.961322669540841216e-04
2.128846277537694209e-04
1.960411692295425045e-04
1.633081371148028041e-04
1.273873421247762006e-04
9.536670731280875448e-05
6.953737271975570248e-05
5.044572675807807056e-05
3.631814343638671718e-05
2.615854026921149206e-05
1.884636115452240079e-05
-1.083514414818408512e-04
-1.261576750392227669e-04
-1.439400940512153098e-04
-1.589485339308144751e-04
-1.650206299994369389e-04
-1.533680155885173469e-04
-1.125528528782173391e-04
-3.755022683947433306e-05
6.439293018306050320e-05
1.657215571851884716e-04
2.359173880446551223e-04
2.581622857568952913e-04
2.381486237648237935e-04
1.984176689956759082e-04
1.549067397288720802e-04
1.162440422850775056e-04
8.513213594944141259e-05
6.215140029603337596e-05
4.513539807223508773e-05
3.287120405163048223e-05
2.401243365636562173e-05
-1.538182656416275202e-04
-1.781454764440562957e-04
-2.002352155169197364e-04
-2.124572740691103314e-04
-2.033318735545357094e-04
-1.572353133605027290e-04
-6.566994403355820521e-05
6.344943588232802932e-05
1.944070928845882966e-04
2.862084916809693033e-04
3.165260012796417281e-04
2.926721273162193136e-04
2.438820093629346969e-04
1.905298303041905465e-04
1.432861835892703967e-04
1.053755425614060539e-04
7.740020831454718243e-05
5.667832188050008624e-05
4.171207035477419469e-05
3.086371096013666173e-05
-2.211774815699655997e-04
-2.537101045317920038e-04
-2.759575633239714143e-04
-2.728425523146334013e-04
-2.226577482710306334e-04
-1.109369298534229479e-04
5.461023927967723594e-05
2.271394951656021874e-04
3.500617343469161020e-04
3.926411964181020491e-04
3.642402865651074139e-04
3.035781114287273421e-04
2.372719227805880789e-04
1.787710117754626443e-04
1.319783941258187215e-04
9.749542499371007909e-05
7.195264040059026886e-05
5.347109866383260743e-05
4.003076760558083144e-05
-3.231072561593832508e-04
-3.618013056246569578e-04
-3.713029109922292475e-04
-3.209396113729324346e-04
-1.856990280171132862e-04
2.933497619014363705e-05
2.621305929173097719e-04
4.318651379237696541e-04
4.941079244543447038e-04
4.606229491064012141e-04
3.840802899385370147e-04
3.002648677061016424e-04
2.265801857290484762e-04
1.678567632281613355e-04
1.246578200920442098e-04
9.267102832599459310e-05
6.949235159928675884e-05
5.258532961038151545e-05
-4.735295773555303948e-04
-5.071146204868223198e-04
-4.662545671806165855e-04
-3.076016346549840142e-04
-2.769259036272825878e-05
2.920890446769245827e-04
5.329846235275498148e-04
6.274134300731008893e-04
5.892238409681255880e-04
4.917436655049043292e-04
3.844094057220685703e-04
2.903485779023894141e-04
2.156888625423410849e-04
1.608939816898165742e-04
1.203623649785274732e-04
9.096622146093328741e-05
6.947252959241155209e-05
-6.933527992039028708e-04
-6.831672170473512698e-04
-5.099126072142779430e-04
-1.477152432725584879e-04
3.004277937524790299e-04
6.545103117747230834e-04
8.048875737010737419e-04
7.648878725472426938e-04
6.396117135487356135e-04
4.999067057178410928e-04
3.777136132891956394e-04
2.811336541224840227e-04
2.104535180507622672e-04
1.582622397016788585e-04
1.204039491783477693e-04
9.267607433830651171e-05
-9.972731639641765639e-04
-8.430469094872302836e-04
-3.916445744856264619e-04
2.426449075896641250e-04
7.819806344554386434e-04
1.035155928755889312e-03
1.004090237413944207e-03
8.435294791510464024e-04
6.594243996774071985e-04
4.981630990315112162e-04
3.711739501802817105e-04
2.785340300061036538e-04
2.102950818202565348e-04
1.608298803391032658e-04
1.245713848521676822e-04
-1.364764664010936811e-03
-8.609248857574439530e-04
2.236392658212690539e-05
8.655671142941388525e-04
1.314461856722858079e-03
1.323130001756691199e-03
1.122811229087248988e-03
8.792051415314644817e-04
6.639686983631671235e-04
4.947784621976656369e-04
3.717186770781607846e-04
2.813500718686257778e-04
2.159484425264806152e-04
1.680203664296711186e-04
-1.703436211416005158e-03
-5.661835005968671782e-04
7.571200276763872389e-04
1.590825393805637977e-03
1.724415182569950453e-03
1.496737841023090517e-03
1.179021898638672305e-03
8.910191464449652597e-04
6.638022896650701537e-04
4.987319049700797554e-04
3.778751508684741363e-04
2.906039091169505123e-04
2.267280188027234722e-04
-1.810081214187457977e-03
1.042770338455466635e-04
1.646678270666690827e-03
2.116208904888945089e-03
1.935030001285088048e-03
1.550636461955973893e-03
1.177627527689529760e-03
8.780980014440352205e-04
6.594967605352587692e-04
4.996069349351362409e-04
3.843657207590586754e-04
3.001643361783040069e-04
-1.630609329002995949e-03
9.754761570698916757e-04
2.214832144885436026e-03
2.307995396731312918e-03
1.935562213189171875e-03
1.495077734095138665e-03
1.121723744623746811e-03
8.437689203303189557e-04
6.393011120505287916e-04
4.917443020337048092e-04
3.839871848995332062e-04
-1.167532048843493908e-03
1.345995536927135569e-03
2.214374037788573776e-03
2.115572503870195593e-03
1.721083944889658258e-03
1.321567640410062925e-03
1.004005433299062083e-03
7.642032292239518600e-04
5.890082422405120690e-04
4.603477154208814471e-04
-1.171109930839422508e-03
9.822875369334201252e-04
1.650327496784870012e-03
1.590291151947008765e-03
1.316131269370425386e-03
1.036623763564556173e-03
8.049881677742063910e-04
6.276668057131444545e-04
4.940865484155212463e-04
-1.625227859571054230e-03
9.971100382766775083e-05
7.538715299797676787e-04
8.677152069255403104e-04
7.822808336281513158e-04
6.535275869731364297e-04
5.322329172826028437e-04
4.310049322977904771e-04
-1.824449637795927089e-03
-5.646927962919576043e-04
3.006407624517915846e-05
2.449265787635030171e-04
3.006465575910861584e-04
2.917767117222056861e-04
2.614604907716065480e-04
-1.690646591797480237e-03
-8.465725583512433584e-04
-3.857852089697012777e-04
-1.448131425495754803e-04
-2.648455757937257510e-05
2.970145323530716720e-05
-1.359619991971489387e-03
-8.428249637797116840e-04
-5.098529040349661194e-04
-3.081270897705209858e-04
-1.862401787364876659e-04
-1.002740312602334437e-03
-6.862899022612924550e-04
-4.686844889708970032e-04
-3.225228851508619488e-04
-6.974121625527621680e-04
-5.099501337461078386e-04
-3.729773145228035031e-04
-4.746936149423949011e-04
-3.621864099677713379e-04
-3.228063508660876748e-04
