9.876026609203286455e+01
1.006671736356500872e+02
1.008163832779257945e+02
9.988360056412724930e+01
1.000302667008681254e+02
9.990862173720498163e+01
1.000911488397690192e+02
1.001893378174802649e+02
9.993129925896963073e+01
1.001615826003440475e+02
1.001631148018075095e+02
1.002297693232338958e+02
1.002459490866455525e+02
1.000359850390354950e+02
1.001535813813052584e+02
1.001577259224594485e+02
1.002354501635545887e+02
1.003191229645395310e+02
1.002520325943267494e+02
1.003908102668636531e+02
1.003947480336566258e+02
1.004090163931343227e+02
1.004033071319011583e+02
1.002683703069625665e+02
1.003161196022692252e+02
1.002908085242244027e+02
1.003014830773430504e+02
1.003144830085234531e+02
1.002214381560695671e+02
1.002607444276245872e+02
1.002169708485619566e+02
1.001801012495723882e+02
1.001310018004513864e+02
9.999072709684882909e+01
9.997021299937615879e+01
9.989763810182735426e+01
9.983633621795056001e+01
9.978649168135831360e+01
9.967602717509720378e+01
9.964977172455273546e+01
9.958273968712856572e+01
9.954221877835146870e+01
9.951487974509905143e+01
9.942233664025717133e+01
9.941828293002177475e+01
9.936855189281807554e+01
9.934474004331289620e+01
9.932940670414028261e+01
1.009676643314059561e+02
1.007971867893835878e+02
9.995358148823193289e+01
9.996917354304953562e+01
9.963096249408722827e+01
9.980785350585725269e+01
9.993517282852727135e+01
9.966198216013214051e+01
9.993289184388218871e+01
9.994971607693757676e+01
1.000426077615873908e+02
1.000743141013568334e+02
9.985796538862017258e+01
9.999259411317025581e+01
1.000048656060110801e+02
1.000960776165436954e+02
1.001919853104402307e+02
1.001299323024872194e+02
1.002869368798530445e+02
1.003026422518423146e+02
1.003292028438059162e+02
1.003330958984507930e+02
1.002012280944193492e+02
1.002595171038051092e+02
1.002412455461286953e+02
1.002600293753781671e+02
1.002803591542519541e+02
1.001906357023033962e+02
1.002377374103688510e+02
1.001984161878016266e+02
1.001659466196342123e+02
1.001202851923969916e+02
9.998041268647861557e+01
9.996380981033520641e+01
9.989338090194107167e+01
9.983447378787263915e+01
9.978696375233897697e+01
9.967717022956635731e+01
9.965356284597197600e+01
9.958793701765851836e+01
9.954941279911076890e+01
9.952413861382268578e+01
9.943204565666488293e+01
9.943047736523089952e+01
9.938209529645300222e+01
9.936017882645717236e+01
9.934679398146651863e+01
9.862084186888657200e+01
9.967313678880167060e+01
1.001549660768380505e+02
9.957069382174708494e+01
9.966194698108434125e+01
9.977579064983920887e+01
9.946387522842171336e+01
9.977813416595830631e+01
9.980896729660604194e+01
9.993047971349972158e+01
9.997644729317271128e+01
9.974694678111818291e+01
9.989551237421883911e+01
9.991133366942318617e+01
1.000127658813962341e+02
1.001175703857719839e+02
1.000566178713683740e+02
1.002303152761156610e+02
1.002560146018957710e+02
1.002936649151703392e+02
1.003058905562866698e+02
1.001753191247485688e+02
1.002433603483972036e+02
1.002311385400753068e+02
1.002572837870025211e+02
1.002841826230540363e+02
1.001967413637306663e+02
1.002510809597986281e+02
1.002154209045222188e+02
1.001866137261495595e+02
1.001436047524420161e+02
1.000031513121273719e+02
9.998979954507896650e+01
9.992076254865065721e+01
9.986356064573118374e+01
9.981771965096422150e+01
9.970785892664014227e+01
9.968633570598552751e+01
9.962150000946529360e+01
9.958443256745070471e+01
9.956071314559180507e+01
9.946848656623113527e+01
9.946897890907625595e+01
9.942147737214608583e+01
9.940105061366124062e+01
9.938923694893060201e+01
1.011490760325098961e+02
1.011172333357252029e+02
1.000471985712819816e+02
9.986404962732592594e+01
9.977742419533075235e+01
9.930616433206506599e+01
9.962329711176082014e+01
9.964705652470321695e+01
9.979418765205734587e+01
9.985183840251796994e+01
9.960158987149651466e+01
9.976145614964177355e+01
9.977687778858877721e+01
9.988642658005817054e+01
9.999805114600802369e+01
9.993565762712164258e+01
1.001262327480313701e+02
1.001621019786130233e+02
1.002117533633111179e+02
1.002331900613207267e+02
1.001043465584389480e+02
1.001834682085886783e+02
1.001784376753053181e+02
1.002132668484447748e+02
1.002479753818126653e+02
1.001637827824294504e+02
1.002266625258173178e+02
1.001957202913942240e+02
1.001716120016017300e+02
1.001321791135118247e+02
9.999186154984056429e+01
9.998265629325759107e+01
9.991578590901582402e+01
9.986106058522375406e+01
9.981761841940182478e+01
9.970833257059679511e+01
9.968960245018202215e+01
9.962619242247848206e+01
9.959122874792240054e+01
9.956968746865111086e+01
9.947787491139918359e+01
9.948103952536466466e+01
9.943497683216460814e+01
9.941660853773306883e+01
9.940692385829495947e+01
1.015068284397142691e+02
9.996259312553901566e+01
1.000762037274036373e+02
9.985486975847973667e+01
9.913817829743143761e+01
9.942277199148135480e+01
9.942551793753420952e+01
9.961060668526914696e+01
9.969076819370926046e+01
9.942042180229643122e+01
9.959484823645377105e+01
9.960897097179017123e+01
9.972643570421924153e+01
9.984354613880199736e+01
9.977702966606574364e+01
9.998464768786011803e+01
1.000306189828381775e+02
1.000929922970721435e+02
1.001242633967379305e+02
9.999721598067760908e+01
1.000885354336644042e+02
1.000916024033646323e+02
1.001362536486432475e+02
1.001798292347373120e+02
1.000996419373817901e+02
1.001722255251324896e+02
1.001468975775770218e+02
1.001283788823414511e+02
1.000932968636811893e+02
9.995366635700077040e+01
9.994937637319659984e+01
9.988531464572284335e+01
9.983371635284763101e+01
9.979328529240177659e+01
9.968509590194888403e+01
9.966976620161368317e+01
9.960831152227318341e+01
9.957600282688025572e+01
9.955717099431903705e+01
9.946622279724201121e+01
9.947258873771674814e+01
9.942843740726310386e+01
9.941261751399733271e+01
9.940554434885872581e+01
9.869689976771111617e+01
1.005115987822043735e+02
1.005575922162019680e+02
9.956635585600825777e+01
9.970124627306098830e+01
9.958358605118422702e+01
9.977327151913171122e+01
9.985732991007246540e+01
9.954062292530520040e+01
9.971211957502620749e+01
9.970320618653872202e+01
9.980993959660581538e+01
9.991381378539553282e+01
9.982342721584232947e+01
1.000342439873247429e+02
1.000770181694417005e+02
1.001410950489241856e+02
1.001720475194177169e+02
1.000365092114564476e+02
1.001324629129464370e+02
1.001363756533079084e+02
1.001846589756269594e+02
1.002314089343663710e+02
1.001494589944264675e+02
1.002272751023942448e+02
1.002030222642537609e+02
1.001859537332938430e+02
1.001512687071195131e+02
1.000082477252241375e+02
1.000055810896012218e+02
9.994105859656951907e+01
9.988958972181099227e+01
9.984936847678498850e+01
9.973947253265197332e+01
9.972516062512674750e+01
9.966330200974537945e+01
9.963150884930740858e+01
9.961338515790687609e+01
9.952124986246336391e+01
9.952910613059933098e+01
9.948514509034667697e+01
9.947031228340512143e+01
9.946438869960424256e+01
1.009542598061711800e+02
1.007436935933551183e+02
9.985503835463489963e+01
9.983843089145753424e+01
9.947918209724234373e+01
9.964912116338649639e+01
9.975547502661756027e+01
9.941286309233178997e+01
9.960781138154794689e+01
9.959292124111074429e+01
9.970383366659631008e+01
9.980422853325789845e+01
9.969517180589170380e+01
9.991616117398976371e+01
9.996139672325961101e+01
1.000331491172347427e+02
1.000689931892452051e+02
9.992910065516917939e+01
1.000345202856812392e+02
1.000436157617758681e+02
1.000998679362067350e+02
1.001537830259611042e+02
1.000736220098147840e+02
1.001603909075198828e+02
1.001405557290677706e+02
1.001281322306019916e+02
1.000967840312730601e+02
9.995303440676434548e+01
9.995467606463473942e+01
9.989219380426119699e+01
9.984327309631432001e+01
9.980554397063525585e+01
9.969611193141629712e+01
9.968493772269982856e+01
9.962468304671772046e+01
9.959535852197294048e+01
9.957980793174588996e+01
9.948826934631523500e+01
9.949935913130181575e+01
9.945726463499215697e+01
9.944505145378593625e+01
9.944185650518554098e+01
9.862087360961858451e+01
9.966228129161657989e+01
1.001220129766871736e+02
9.952043544733456315e+01
9.961618898686438683e+01
9.972562991182640246e+01
9.935445957544519047e+01
9.959115615141708133e+01
9.957927906588888334e+01
9.970261925423250204e+01
9.980114469098555219e+01
9.966823769428276591e+01
9.989765498798419685e+01
9.994173131510127916e+01
1.000185474953094769e+02
1.000561201680188503e+02
9.990735969880046241e+01
1.000197978399544638e+02
1.000312223017923543e+02
1.000931635123564263e+02
1.001519395294595114e+02
1.000707638955791339e+02
1.001646789222576643e+02
1.001470713738479077e+02
1.001372554998219613e+02
1.001071449639499633e+02
9.996024585006865948e+01
9.996439461740391152e+01
9.990202961349869781e+01
9.985388854555860405e+01
9.981695650633949413e+01
9.970620788984544447e+01
9.969671704887980468e+01
9.963655989517233991e+01
9.960835361796466714e+01
9.959409916015329145e+01
9.950178620891452397e+01
9.951501912440849651e+01
9.947365355403887577e+01
9.946304295395187012e+01
9.946162353984020399e+01
1.011507753933238689e+02
1.011103569915139673e+02
1.000379004214451015e+02
9.988286587677011141e+01
9.982329983858465994e+01
9.932107145777958124e+01
9.957506846635880038e+01
9.955648014516189903e+01
9.969601477999518124e+01
9.979364009313633233e+01
9.963157767982133350e+01
9.986911631933040212e+01
9.991035286155170070e+01
9.999233365831503306e+01
1.000313776073802359e+02
9.987220076689420978e+01
9.999226677679598652e+01
1.000062466336310223e+02
1.000746479982513222e+02
1.001389103638260138e+02
1.000567907586235208e+02
1.001587371819332049e+02
1.001437865894739474e+02
1.001370278183865139e+02
1.001084085524465337e+02
9.995822145590743446e+01
9.996515695833087989e+01
9.990299350450843008e+01
9.985575884055579365e+01
9.981971563854519047e+01
9.970760812537248796e+01
9.969994011198566852e+01
9.963991975830596459e+01
9.961293459919679094e+01
9.960007389432480807e+01
9.950696847644077536e+01
9.952248893293619858e+01
9.948192369104179988e+01
9.947303784075880628e+01
9.947352557632181913e+01
1.015033364222522039e+02
9.996281890375526302e+01
1.001153524133961099e+02
9.994573686019769809e+01
9.923290652767362019e+01
9.948221972980107353e+01
9.945558309854706636e+01
9.963262422419749953e+01
9.974591567049768059e+01
9.955971320024993076e+01
9.981301737262654683e+01
9.985505544090244712e+01
9.994659129272078246e+01
9.999001349913555714e+01
9.982105704868237694e+01
9.995137446153061944e+01
9.996972806087275387e+01
1.000467928316403601e+02
1.001183517315734832e+02
1.000362920994970892e+02
1.001480594743456010e+02
1.001369189467268086e+02
1.001342923606810444e+02
1.001079198432105812e+02
9.995467569845403943e+01
9.996502955659184408e+01
9.990342035669716836e+01
9.985744475137218501e+01
9.982255796850721197e+01
9.970917143277472405e+01
9.970357966191588162e+01
9.964380712637898796e+01
9.961820397357361401e+01
9.960687182254217475e+01
9.951295892730030346e+01
9.953092085441032566e+01
9.949121247368418608e+01
9.948415453871457714e+01
9.948665368246452090e+01
9.869700065085514495e+01
1.005342927388721392e+02
1.006241461850057561e+02
9.965426581135156425e+01
9.978143274657868744e+01
9.965427272732357267e+01
9.984299457868758054e+01
9.995989606867648547e+01
9.972991479847217988e+01
9.998864698281693109e+01
1.000177024733610267e+02
1.001083885616514806e+02
1.001454540144660967e+02
9.995400172365171443e+01
1.000865173010027576e+02
1.001011250274283668e+02
1.001804337175139068e+02
1.002532670925726563e+02
1.001647281098976521e+02
1.002818330884907425e+02
1.002696136477210160e+02
1.002666746964754765e+02
1.002381233316144318e+02
1.000769480388116506e+02
1.000869574065383034e+02
1.000220113765780496e+02
9.997371193753396312e+01
9.993657039118753005e+01
9.981839126801304474e+01
9.981192847501719712e+01
9.974941288191166677e+01
9.972247727992443345e+01
9.971010416490136663e+01
9.961268344202164826e+01
9.963085904584464458e+01
9.958972275390240725e+01
9.958241401413944516e+01
9.958496225800244872e+01
1.009577318168105080e+02
1.007612236813161388e+02
9.988429426372881892e+01
9.987041542180504905e+01
9.951242810095739344e+01
9.968288139156089755e+01
9.981788474664467969e+01
9.956262118868340849e+01
9.985386061406961744e+01
9.989093027332957320e+01
1.000018497702640587e+02
1.000498014202498922e+02
9.984873663312831127e+01
9.999710031304853430e+01
1.000198547702919996e+02
1.001130565058501531e+02
1.001976438918092782e+02
1.001118311768867244e+02
1.002435584520341223e+02
1.002385259360510616e+02
1.002429887605750167e+02
1.002191727575758762e+02
1.000561691899110741e+02
1.000717324601285441e+02
1.000087986005637646e+02
9.996319084531261012e+01
9.992838918789949787e+01
9.980965853013151445e+01
9.980634970254210714e+01
9.974480213091041492e+01
9.972005176713412311e+01
9.970991396483118763e+01
9.961203129629545572e+01
9.963333593617633710e+01
9.959350288073729018e+01
9.958854713059125174e+01
9.959361010322145091e+01
9.861955341065939251e+01
9.965987840304023848e+01
1.001209504513603150e+02
9.951721172628550960e+01
9.959997359092785985e+01
9.971874975362464966e+01
9.942155607801252870e+01
9.975355361762488826e+01
9.980233121221749570e+01
9.994035527915944783e+01
1.000021089376779599e+02
9.978873191191753733e+01
9.995366363932510012e+01
9.998380356435198735e+01
1.000913301853429402e+02
1.001877475135813285e+02
1.001036762414416188e+02
1.002507954137186630e+02
1.002529464704067692e+02
1.002649418369953764e+02
1.002456214061370474e+02
1.000798106267451999e+02
1.001007134140934340e+02
1.000392164956559355e+02
9.999581082282443845e+01
9.996278274424435040e+01
9.984268959202528038e+01
9.984205131230510233e+01
9.978080020799279737e+01
9.975768480883034783e+01
9.974922576292465237e+01
9.965011419395132464e+01
9.967407419543160074e+01
9.963493706422028140e+01
9.963182259821276432e+01
9.963891062095837015e+01
1.011490692401721816e+02
1.011099161491494982e+02
1.000280275781573920e+02
9.983864543379303313e+01
9.975595377420103205e+01
9.929671000201473419e+01
9.962893842012449852e+01
9.966844544124050742e+01
9.983102028480205092e+01
9.990487315583588668e+01
9.967299010245201885e+01
9.985364347932662099e+01
9.988954490642720430e+01
1.000119881084255979e+02
1.001209533252114312e+02
1.000386848421435957e+02
1.002034591393941128e+02
1.002145702266405891e+02
1.002361962039344405e+02
1.002231548849568696e+02
1.000556570681002029e+02
1.000837038789616997e+02
1.000251175748540930e+02
9.998543920368170745e+01
9.995557216898440345e+01
9.983527057261927951e+01
9.983864985321770291e+01
9.977884237217665486e+01
9.975854963405079445e+01
9.975287877376055690e+01
9.965344315025387800e+01
9.968111471856046535e+01
9.964358584048649448e+01
9.964324197025558760e+01
9.965324686677837462e+01
1.015062198421534987e+02
9.995863588492520080e+01
1.000706473417587716e+02
9.985333913140098616e+01
9.914579732221774577e+01
9.944192974832694176e+01
9.945719891816497693e+01
9.965582359605744500e+01
9.975213216376693026e+01
9.950248188452937370e+01
9.970276766837410776e+01
9.974496127139720159e+01
9.988422715509406657e+01
1.000068995482662615e+02
9.992625876884268621e+01
1.001109251369143323e+02
1.001325338067168502e+02
1.001656752373181263e+02
1.001603883375302786e+02
9.999187671310625092e+01
1.000285522554253674e+02
9.997399045779422977e+01
9.993924227939214688e+01
9.991360134838195961e+01
9.979391351552965261e+01
9.980238398689532175e+01
9.974488787939425549e+01
9.972836076698031604e+01
9.972635512466122520e+01
9.962726012228716854e+01
9.965950109576721161e+01
9.962429209403838115e+01
9.962746786539821642e+01
9.964111216967458518e+01
9.869682839335170854e+01
1.005123798887686490e+02
1.005617179644978307e+02
9.957626986155489135e+01
9.971840947877312544e+01
9.960922391133283327e+01
9.980968853341063607e+01
9.990914358491407654e+01
9.961519784407182954e+01
9.981791930682932446e+01
9.984589511061818712e+01
9.998548236305629189e+01
1.001059055899852694e+02
1.000100678385292809e+02
1.002032875149817244e+02
1.002240839529473249e+02
1.002591697979195686e+02
1.002525210122273904e+02
1.000733998482490392e+02
1.001114872825107085e+02
1.000538163296710223e+02
1.000176933676125373e+02
9.999042478709526449e+01
9.986554525246197045e+01
9.987434952963640455e+01
9.981447855479949283e+01
9.979758820952723397e+01
9.979541555256848540e+01
9.969272981269351419e+01
9.972635991677819334e+01
9.969027368789838306e+01
9.969411774249392977e+01
9.970875247148622122e+01
1.009546860695750041e+02
1.007452660176753909e+02
9.985833556048149262e+01
9.984397639751574616e+01
9.948819135520091095e+01
9.966474476902136814e+01
9.978398138245989912e+01
9.946437377847436778e+01
9.969439838908799345e+01
9.972463639482873532e+01
9.988013209080372690e+01
1.000099263433652510e+02
9.990670685664677819e+01
1.001180563001985604e+02
1.001459926494173942e+02
1.001908290818156644e+02
1.001894794415561876e+02
1.000049862406503394e+02
1.000500829513314187e+02
9.999416407794872441e+01
9.996132978952599046e+01
9.993662829174445505e+01
9.981032831485299539e+01
9.982321096874895261e+01
9.976435077501793103e+01
9.975039061703893140e+01
9.975111202919714515e+01
9.964761578102314843e+01
9.968540658348041461e+01
9.965100524041976371e+01
9.965799945601243337e+01
9.967598315294665667e+01
9.862073240791237083e+01
9.966123015746509850e+01
1.001192332252155808e+02
9.951616076171853820e+01
9.961313396696465361e+01
9.973046260944570918e+01
9.937912867215580093e+01
9.965117488021259362e+01
9.968978191985044646e+01
9.986799415586885686e+01
1.000089545943016276e+02
9.989460408818274573e+01
1.001242111881958152e+02
1.001574795867151977e+02
1.002109226789361145e+02
1.002128337868614238e+02
1.000192191979360956e+02
1.000692766821545945e+02
1.000124053693726438e+02
9.998047756727552837e+01
9.995586903452576166e+01
9.982531713130767059e+01
9.984016469617239409e+01
9.977996257744642605e+01
9.976691319567819960e+01
9.976857327742312975e+01
9.966202397875890995e+01
9.970231843488443246e+01
9.966778564016804864e+01
9.967633861943269835e+01
9.969616939043659443e+01
1.011498202339849684e+02
1.011066273200160737e+02
1.000299789432134077e+02
9.987153413571286364e+01
9.981364069471382550e+01
9.932480920784396972e+01
9.960992051096138766e+01
9.964249314427763693e+01
9.984367179832500483e+01
9.999514332875509126e+01
9.986453340519805977e+01
1.001132763506952870e+02
1.001516374835268408e+02
1.002150351711308502e+02
1.002209031447598022e+02
1.000171809584230829e+02
1.000729923501655918e+02
1.000153081926318350e+02
9.998472702181746286e+01
9.996043951702162644e+01
9.982545948375081935e+01
9.984264254213530876e+01
9.978116520083001717e+01
9.976930630386213750e+01
9.977212549907638106e+01
9.966241250153964870e+01
9.970550781045956512e+01
9.967093140011843388e+01
9.968124260369080503e+01
9.970311649616922978e+01
1.015018545861234145e+02
9.995747583877678721e+01
1.001046242494843597e+02
9.993161369082696410e+01
9.922450995906189064e+01
9.949723328787369780e+01
9.951763655677343934e+01
9.975867964919324038e+01
9.993458587174812635e+01
9.979227195711288800e+01
1.000688539340410017e+02
1.001175940004273315e+02
1.001969072955842108e+02
1.002108939116053676e+02
9.999844033407514132e+01
1.000628600743137326e+02
1.000060344287265508e+02
9.997852117005790262e+01
9.995576236565149486e+01
9.981690518689806879e+01
9.983743926730453211e+01
9.977522828303419544e+01
9.976525231733927512e+01
9.976977212809552498e+01
9.965699331558276697e+01
9.970339351848031129e+01
9.966899329671848307e+01
9.968137248318993215e+01
9.970556389048999790e+01
9.869519474617409571e+01
1.005279205209176894e+02
1.006119667101403650e+02
9.964111130123259841e+01
9.978233586707754910e+01
9.969413801182994916e+01
9.994469719206671243e+01
1.001299052943746659e+02
9.995568733260125782e+01
1.002513015908048430e+02
1.002991847654709403e+02
1.003866196803545421e+02
1.004002104738703025e+02
1.001677531601855407e+02
1.002333329477914816e+02
1.001692165130864964e+02
1.001377201149651341e+02
1.001096210796273454e+02
9.995968795573283217e+01
9.997789957487978540e+01
9.990911455344981107e+01
9.989596285966837286e+01
9.989740147944264947e+01
9.977643280027194805e+01
9.982213082865321496e+01
9.978374647567707711e+01
9.979450032756930966e+01
9.981754711970877736e+01
1.009556074246223858e+02
1.007539105583080215e+02
9.987204162071904534e+01
9.986315482820947409e+01
9.953289864491331684e+01
9.975764173069686080e+01
9.996171060765338723e+01
9.977183706604185431e+01
1.001143637815506651e+02
1.001852573137566793e+02
1.003056143045378548e+02
1.003397776935862709e+02
1.001032004196321736e+02
1.001856573862242783e+02
1.001274117385896858e+02
1.001041323137716574e+02
1.000812195014603105e+02
9.992933664626113455e+01
9.995388244526911592e+01
9.988610369899502928e+01
9.987691957354043382e+01
9.988170560684419286e+01
9.975819843998537806e+01
9.980865242229384648e+01
9.977117659648376957e+01
9.978491320770548612e+01
9.981107452596725693e+01
9.861699579599529386e+01
9.965192980654870780e+01
1.001112845486182721e+02
9.952273783253954775e+01
9.964708074053694986e+01
9.982923869204211087e+01
9.960260581827687076e+01
9.999946607499929030e+01
1.000994320547589780e+02
1.002638587276989455e+02
1.003264811609130476e+02
1.000874843379943542e+02
1.001907883772896213e+02
1.001398803180846357e+02
1.001263933758993261e+02
1.001091995888470620e+02
9.995471157859634559e+01
9.998574865565976211e+01
9.991832775983999682e+01
9.991279182372495882e+01
9.992038790456558672e+01
9.979308563363009910e+01
9.984776621853434619e+01
9.981022668874881276e+01
9.982616937933168799e+01
9.985465181875865426e+01
1.011461874690108687e+02
1.011027151640568462e+02
1.000249027882305199e+02
9.986048939416653525e+01
9.982745478173870879e+01
9.943567491753344711e+01
9.984144078308250414e+01
9.994896492954777045e+01
1.001580489605532023e+02
1.002528165738719110e+02
1.000108286096263868e+02
1.001388432272526927e+02
1.000974069581274932e+02
1.000968398483919373e+02
1.000877428998583270e+02
9.993210415913756606e+01
9.997204036026886342e+01
9.990669231163823838e+01
9.990690615079697068e+01
9.991915217060228827e+01
9.978919206563395505e+01
9.984982642380630580e+01
9.981348946685083945e+01
9.983300012620043162e+01
9.986505994157009525e+01
1.015034620339523173e+02
9.995366879930149651e+01
1.000744306032033677e+02
9.988671660838404875e+01
9.923285444628292851e+01
9.960118976597185281e+01
9.969529592839013787e+01
9.995967229054167547e+01
1.001003506901425624e+02
9.986120228490621287e+01
1.000228215298853911e+02
9.999596228530025144e+01
1.000137174345061339e+02
1.000165176117335335e+02
9.986200728563021300e+01
9.991397291888614518e+01
9.985284170208470300e+01
9.986131612263831414e+01
9.988033441406058444e+01
9.974896547524232915e+01
9.981744113408525720e+01
9.978363346727618932e+01
9.980812909036735903e+01
9.984504663644297295e+01
9.869433654813117585e+01
1.005084563860504261e+02
1.005671791542400229e+02
9.961332425325016970e+01
9.981386419134865662e+01
9.978301716645270858e+01
1.000622728749166299e+02
1.002293292961690838e+02
9.996937718089345992e+01
1.001510422128975080e+02
1.001222204114608445e+02
1.001448885564570617e+02
1.001461344632468951e+02
9.997873391604406379e+01
1.000321213215200800e+02
9.996454201698385589e+01
9.997259529322488447e+01
9.999036017121349573e+01
9.984908037904745015e+01
9.991904080412797384e+01
9.988123487095921860e+01
9.990508664560212537e+01
9.994166919151541606e+01
1.009518346688007853e+02
1.007398137725427887e+02
9.986245170529889492e+01
9.988327676822991918e+01
9.959116256252615074e+01
9.984751092844442155e+01
1.000517603953832406e+02
9.978811840288933865e+01
1.000152808941390106e+02
1.000031905344285263e+02
1.000486844629402157e+02
1.000621677901588242e+02
9.989248421678513523e+01
9.995783524381174345e+01
9.989247754531025691e+01
9.990875059885287612e+01
9.993289074621901591e+01
9.978796594841440992e+01
9.986586411863886781e+01
9.982959425112011331e+01
9.985808747245151551e+01
9.989916383387127041e+01
9.861699408112502852e+01
9.965431164600120439e+01
1.001241719617384121e+02
9.956045919614869888e+01
9.972583393884447389e+01
9.993773103952729286e+01
9.966041578468426110e+01
9.994570763732968999e+01
9.995635495215491062e+01
1.000315531011804495e+02
1.000592615563635803e+02
9.988518905600948017e+01
9.996195070719981857e+01
9.989638671977702700e+01
9.991965094903991940e+01
9.994855048891281513e+01
9.979693738374696466e+01
9.988134084124955336e+01
9.984434839189557920e+01
9.987567046835538065e+01
9.991941279542325560e+01
1.011456138649168679e+02
1.010997553472098929e+02
1.000366409111792052e+02
9.992595050103555820e+01
9.996500630111013663e+01
9.956455750341906707e+01
9.987620078372302146e+01
9.989426952280459204e+01
9.999832383067916908e+01
1.000384296500700856e+02
9.985574829529154783e+01
9.994290846410083873e+01
9.987505720960344036e+01
9.990548074014589019e+01
9.993934713876153353e+01
9.978006708021815996e+01
9.987184931552958744e+01
9.983426075001912636e+01
9.986900669946224696e+01
9.991594720312450306e+01
1.014969653652591433e+02
9.994803003362139293e+01
1.001181491705514759e+02
1.000375588115175560e+02
9.943076450014677903e+01
9.974187355677307210e+01
9.976178146641004219e+01
9.991096725465247630e+01
9.997558858038604512e+01
9.978960401050889573e+01
9.989299995209334782e+01
9.982515497487297296e+01
9.986644613626961586e+01
9.990808778760082021e+01
9.974188257807480795e+01
9.984351227786606842e+01
9.980657338827370495e+01
9.984628427347891488e+01
9.989768182463703283e+01
9.868706210544975477e+01
1.005204837223372749e+02
1.006817075260482994e+02
9.981859446206753717e+01
1.000107261663651030e+02
9.994114295391824498e+01
1.001076122101495542e+02
1.001803428213251124e+02
9.997270143311101265e+01
1.000793890185581745e+02
9.999581492462608878e+01
1.000366225442604389e+02
1.000752830780871818e+02
9.988972736720975831e+01
9.999306160368830376e+01
9.994790406944296990e+01
9.998526584674699791e+01
1.000343220061511857e+02
1.009474036080357848e+02
1.007904083024785962e+02
1.000067909799803090e+02
1.000617412764433141e+02
9.978208378612220031e+01
9.994267670972182316e+01
1.000371240505783703e+02
9.982997001773121326e+01
9.996557053921176816e+01
9.988579761552844616e+01
9.994636339280764048e+01
9.999935818129858944e+01
9.980793743618160363e+01
9.992714307303891985e+01
9.988559417577334898e+01
9.993183575521911166e+01
9.998858004569834179e+01
9.862363907870172852e+01
9.971668277553499138e+01
1.002510967320014146e+02
9.976594255909213871e+01
9.987204538218757932e+01
9.996042166374741100e+01
9.974686816256269140e+01
9.991840449498400289e+01
9.984363571552620442e+01
9.992862514600493284e+01
9.999797950038589534e+01
9.979804073022614830e+01
9.993401641222939702e+01
9.989477560846816573e+01
9.994947987468792405e+01
1.000131952528954287e+02
1.011452954762515901e+02
1.011618378636439530e+02
1.002444830444020596e+02
1.001419648731189653e+02
1.000556431583753323e+02
9.973704664842041723e+01
9.990640539388948582e+01
9.981445139269531808e+01
9.991841124362402127e+01
1.000003616325588638e+02
9.978486021125860361e+01
9.993660874257855653e+01
9.989721791867602008e+01
9.995982853716228078e+01
1.000301766927872933e+02
1.015037040627874205e+02
1.000807881813440474e+02
1.003326047348151917e+02
1.001512363833486177e+02
9.967600958783799570e+01
9.981899578449890953e+01
9.970389391674535773e+01
9.984260949899720572e+01
9.995094768430841725e+01
9.972496056786590657e+01
9.990108171318436803e+01
9.986575040887494481e+01
9.994096303457742181e+01
1.000216217183857594e+02
9.871108467212654602e+01
1.006424848382680892e+02
1.007445130922417604e+02
1.001097919766182116e+02
1.001090887497293664e+02
9.987879554216735301e+01
1.000227024121971766e+02
1.001424027850310807e+02
9.988600662525662699e+01
1.000768826876691122e+02
1.000320533709709707e+02
1.001094076299718694e+02
1.001903648323394123e+02
1.009897943867068904e+02
1.007964949649306163e+02
1.003945651520780302e+02
1.002224773985355881e+02
9.975080571243167071e+01
9.986803730557338099e+01
1.000086212098472060e+02
9.973689995803735542e+01
9.996793739047761562e+01
9.993215448586190064e+01
1.000294601735742646e+02
1.001254519476327260e+02
9.849621613839181578e+01
1.001795659502819120e+02
1.004675165878038854e+02
9.977543086959019547e+01
9.981455313041672639e+01
9.994738799928147444e+01
9.964658421114739895e+01
9.992874753765698870e+01
9.990564449249139045e+01
1.000272930465519323e+02
1.001391133433069172e+02
1.015141266371830966e+02
1.013005074454082290e+02
1.002636505883592264e+02
1.001040198849663341e+02
1.000720048101110109e+02
9.963847377298978358e+01
9.994471482367951864e+01
9.992036133445677137e+01
1.000643729118628755e+02
1.001891768149573636e+02
1.011757339982183765e+02
9.981277636688386679e+01
1.001063230621569602e+02
1.000290947506241395e+02
9.942176271846857105e+01
9.975964591816070026e+01
9.975657989770131451e+01
9.995919691211676650e+01
1.001257208885211440e+02
9.892055011273190246e+01
1.007911641779143395e+02
1.008661447495119603e+02
9.991625525238590910e+01
1.001030111920842813e+02
9.999473620546105224e+01
1.002065247111845991e+02
1.003866232172548223e+02
1.009845547943210420e+02
1.008696845161881583e+02
1.000417404229040983e+02
1.001208195824642786e+02
9.983276169095945818e+01
1.000616555028727817e+02
1.002942002461253850e+02
9.863580614085087461e+01
9.970413661655504711e+01
1.002499699822043908e+02
9.976114199356159418e+01
9.995131498870379971e+01
1.002176505659614918e+02
1.011342116317717625e+02
1.011189679370189509e+02
1.001437761034384692e+02
1.000949144056074402e+02
1.002126392418085601e+02
1.014897177176762710e+02
9.997955113481468459e+01
1.002002726420286649e+02
1.001876763083696602e+02
9.869794736780833944e+01
1.005731399674511692e+02
1.007838416259459962e+02
1.009587305990668256e+02
1.008365690493795483e+02
9.863108846058977974e+01
8.189849478761522473e-06
3.495121470402589805e-05
9.331623122425938355e-05
1.996873429642846991e-04
3.740504609911551458e-04
6.417152812128308582e-04
1.033435039476891457e-03
1.587251753056142861e-03
2.351885692474284251e-03
3.381049139611205095e-03
4.747784969458036103e-03
6.535080364616872688e-03
8.845730637675340916e-03
1.181686340421012060e-02
1.558247047706955851e-02
2.034730040354790909e-02
2.632810801919726121e-02
3.379568137499663893e-02
4.311747065456182637e-02
5.458770109445007512e-02
6.871134697528080704e-02
8.593341304177833095e-02
1.067586479348895806e-01
1.318093449884085999e-01
1.611922661682096691e-01
1.951586231812495742e-01
2.328811232143546683e-01
2.723526524316998154e-01
3.091958701111471863e-01
3.348238443748464133e-01
3.348681839181945064e-01
2.852561929525030404e-01
1.538774917844213108e-01
-1.003037355987645429e-01
-4.941088594712259585e-01
-1.012864836003624314e+00
-1.566616204516833477e+00
-2.026204989193102435e+00
-2.251984816204039230e+00
-2.198772578593587212e+00
-1.942388689126348433e+00
-1.575782812528500054e+00
-1.190447027367597332e+00
-8.388545144567824963e-01
-5.559956011943878451e-01
-3.318027851193765532e-01
-1.629565245891165248e-01
-3.759550686167508621e-02
9.314039914318435095e-06
3.980718338789973512e-05
1.065321698601639957e-04
2.281778277092212117e-04
4.283835387504988110e-04
7.362711667422603377e-04
1.188043180101196932e-03
1.830009523953328053e-03
2.714625952091277369e-03
3.912116015500511669e-03
5.503693839463169590e-03
7.590075051915828354e-03
1.030489989865627544e-02
1.378283850629131307e-02
1.822498502661622569e-02
2.384831958274269414e-02
3.092396649835593703e-02
3.981822681525179486e-02
5.083647253785664871e-02
6.448739086497326523e-02
8.123237227721930021e-02
1.015977723097663266e-01
1.262328975988479263e-01
1.553001742102823601e-01
1.891081684992878820e-01
2.269225782089384358e-01
2.668512666257443766e-01
3.046638174825666567e-01
3.319165647721295520e-01
3.343732333491536424e-01
2.879875451685155463e-01
1.604415416053350807e-01
-8.981328739885720280e-02
-4.805848570272454046e-01
-9.981583503686221048e-01
-1.553128523794239380e+00
-2.016091068038827760e+00
-2.246670787851570594e+00
-2.198480273278804020e+00
-1.946553614144929556e+00
-1.583354194486911171e+00
-1.200137732120588829e+00
-8.494753365241114462e-01
-5.666730001837505526e-01
-3.419220001888866878e-01
-1.721760517980670258e-01
-4.575054115315119879e-02
1.062831302223221956e-05
4.553311292835755526e-05
1.219717228310215207e-04
2.618472714346655990e-04
4.925106219193190350e-04
8.481852106928785065e-04
1.372658838384118330e-03
2.116832054917490609e-03
3.147965530440116708e-03
4.545212742615025760e-03
6.406930731268255068e-03
8.863026418861257721e-03
1.204839502886836250e-02
1.616019435393322573e-02
2.141521997240320926e-02
2.808454686334989694e-02
3.653295010421560990e-02
4.707663490039998289e-02
6.022778924407910794e-02
7.646425856121942533e-02
9.633439869159482472e-02
1.205152800708247374e-01
1.492270800630209893e-01
1.828383598178111302e-01
2.207125639329067524e-01
2.610791014908506180e-01
2.998633006805277446e-01
3.287753629123119081e-01
3.337209237253739857e-01
2.906844613083268691e-01
1.671296950468779408e-01
-7.903835471819967151e-02
-4.666755272340970540e-01
-9.830854818743932633e-01
-1.539432269345240467e+00
-2.006022601279425110e+00
-2.241675959086924852e+00
-2.198725476734162854e+00
-1.951402157928904257e+00
-1.591687289699678320e+00
-1.210611591152194633e+00
-8.608586612137051342e-01
-5.780697456393942835e-01
-3.527010950787681232e-01
-1.819898889506636475e-01
-5.443284387394491108e-02
1.217512198970541894e-05
5.221085195499890864e-05
1.401858783519959004e-04
3.015196459664865026e-04
5.682880949529226042e-04
9.816102897519383193e-04
1.590482644968786762e-03
2.459003180166605129e-03
3.663900382746219150e-03
5.300801451901601159e-03
7.495524351781733888e-03
1.038258674420632077e-02
1.415476034881153929e-02
1.902803215785321689e-02
2.527278554549408987e-02
3.325156978340471081e-02
4.329076353153592932e-02
5.590539139568005689e-02
7.158935647391244383e-02
9.091289070570329756e-02
1.145809678148644872e-01
1.428733298051548251e-01
1.762208277862967742e-01
2.140898722145482269e-01
2.548393636632712567e-01
2.945623287551919489e-01
3.251398777071288770e-01
3.326397739545798871e-01
2.930988516643296959e-01
1.737738311494319843e-01
-6.798402117674497147e-02
-4.521319411765307716e-01
-9.670670197908527443e-01
-1.524603995050689331e+00
-1.994799556602614876e+00
-2.235672473520176951e+00
-2.198221274055959018e+00
-1.955805490965885296e+00
-1.599871203648953299e+00
-1.221182535665743751e+00
-8.725209647330158802e-01
-5.898639671306606935e-01
-3.639453639343523950e-01
-1.922984915351939883e-01
-6.361301431567993603e-02
1.398329270116130738e-05
6.010703420428943774e-05
1.616987909765623473e-04
3.485139789967220164e-04
6.588523349943911948e-04
1.139444661466944677e-03
1.851017492061230027e-03
2.867489513294934310e-03
4.281364293326110973e-03
6.213999547698753970e-03
8.798877351221378457e-03
1.222390994895378689e-02
1.670359164978288749e-02
2.250691138846879977e-02
2.999343879044527594e-02
3.949894381958563710e-02
5.154055620231451362e-02
6.662772374368602923e-02
8.535232833951438003e-02
1.084473018412567824e-01
1.362536815372452359e-01
1.692669134510328965e-01
2.070616868229395724e-01
2.481346007763797212e-01
2.887587701688774655e-01
3.210040265006046667e-01
3.311212433096166197e-01
2.952217396267732830e-01
1.803660086282530273e-01
-5.665847436496213724e-02
-4.369683898024108171e-01
-9.501339471520657831e-01
-1.508701469189021482e+00
-1.982509535955596869e+00
-2.228770099553546657e+00
-2.197085225018767130e+00
-1.959877015869147643e+00
-1.608007994562925091e+00
-1.231938768328078471e+00
-8.845368806223457003e-01
-6.021191031130574967e-01
-3.757088564564308175e-01
-2.031484011405726431e-01
-7.333150703079141519e-02
1.613975592607398371e-05
6.951356780078417016e-05
1.874015853336044384e-04
4.051584389545891205e-04
7.669160663552486348e-04
1.329859216699773652e-03
2.164754201681542631e-03
3.360643427357538210e-03
5.034142696771789702e-03
7.317106014766771444e-03
1.039226006274563199e-02
1.447206534884313590e-02
1.982361435077821879e-02
2.680304953399940265e-02
3.575498382502165229e-02
4.719841139394537199e-02
6.165829345114864218e-02
7.974857344724162189e-02
1.022311044945993230e-01
1.295105725535092844e-01
1.621504154629663796e-01
1.998394143564105607e-01
2.412199576691264613e-01
2.827559364120659779e-01
3.167178239640286996e-01
3.295490604258912715e-01
2.974341592999543704e-01
1.872121491255071268e-01
-4.495502537280213207e-02
-4.214366098993476140e-01
-9.330563333024607386e-01
-1.493084629727527979e+00
-1.971031590175842840e+00
-2.223144244171699757e+00
-2.197509510739675598e+00
-1.965621811551619080e+00
-1.617802023208238404e+00
-1.244254410145607892e+00
-8.979691969447843869e-01
-6.156397966323211568e-01
-3.885835488858574993e-01
-2.149641980289223320e-01
-8.388199976624853560e-02
1.868709799708263275e-05
8.065925184659983695e-05
2.181306477961613040e-04
4.722162108639965314e-04
8.962700175474966682e-04
1.557412819784224000e-03
2.540696419588142716e-03
3.957471420593441751e-03
5.937058445401266482e-03
8.656284198469647168e-03
1.232454255813513790e-02
1.720591535255144855e-02
2.365187097024099017e-02
3.201444160374216502e-02
4.281304521050307427e-02
5.658680472976184567e-02
7.397057852968140501e-02
9.575413123372777946e-02
1.224067982995149101e-01
1.545615718336329492e-01
1.920269180374952755e-01
2.336008565136475923e-01
2.759545329378738088e-01
3.115859843208803603e-01
3.271668564581696748e-01
2.990013185210808611e-01
1.937485272339188602e-01
-3.302954937262787827e-02
-4.050028323184886037e-01
-9.143502726918544266e-01
-1.475230600421981286e+00
-1.956962794676644579e+00
-2.214924887870555636e+00
-2.195651516926402813e+00
-1.969578634658195382e+00
-1.626366032710744758e+00
-1.255858232456344314e+00
-9.111189768895242569e-01
-6.291966964801438689e-01
-4.017215930444515415e-01
-2.271938747594763053e-01
-9.493967700170061197e-02
2.173986102028899203e-05
9.413552761804255093e-05
2.549242925078232073e-04
5.533988920488764739e-04
1.052617085583103587e-03
1.833204864272946783e-03
3.000863172121608080e-03
4.681596906536912919e-03
7.045843017839392708e-03
1.029912821287530533e-02
1.470172349732625471e-02
2.059963926622744579e-02
2.835127546220249720e-02
3.847575680351728727e-02
5.152572350221067826e-02
6.815671594527093757e-02
8.918666848659309587e-02
1.151513828938229289e-01
1.467563794266225907e-01
1.839358385773160465e-01
2.256526564457131401e-01
2.687985782344119445e-01
3.061169014919771780e-01
3.245254959965780950e-01
3.004600058347776659e-01
2.003890304681068546e-01
-2.077413184876330046e-02
-3.880964694787862324e-01
-8.952126727036457954e-01
-1.457203887950236698e+00
-1.943127627046500550e+00
-2.207364487769401862e+00
-2.194775945781790139e+00
-1.974720036199821394e+00
-1.636210658783776806e+00
-1.268756395636347012e+00
-9.255188757294928736e-01
-6.439316718427352537e-01
-4.159448515641421262e-01
-2.404091964473576981e-01
-1.068823325745789088e-01
2.542818105172985684e-05
1.102627286446920368e-04
2.994444065748516951e-04
6.514837978966133737e-04
1.242053310672526674e-03
2.170708153644904884e-03
3.559188984191776709e-03
5.570868463260418395e-03
8.406348957373178249e-03
1.232097644008928357e-02
1.765413340015902291e-02
2.476903351543291790e-02
3.418321087479693487e-02
4.646148310263536335e-02
6.227905096058792417e-02
8.248135067125875186e-02
1.076717388563354361e-01
1.386304721118243599e-01
1.754234603604513665e-01
2.171887451042893713e-01
2.610550267149859271e-01
3.000355859375710699e-01
3.213243184116464923e-01
3.015202070600974116e-01
2.069165255508418344e-01
-8.240219593849452268e-03
-3.705010455037704431e-01
-8.750742270445972526e-01
-1.438066776094696575e+00
-1.928292633852246585e+00
-2.199091481514509727e+00
-2.193550531717865848e+00
-1.979875557989533075e+00
-1.646390129041966910e+00
-1.282236003593632656e+00
-9.406667740545181511e-01
-6.595117969852084538e-01
-4.310542372145791945e-01
-2.545118455307531780e-01
-1.196863539237491003e-01
2.985698829133557217e-05
1.298428981351692037e-04
3.534225715480152335e-04
7.707564767173481508e-04
1.474726434530676403e-03
2.581791444770131696e-03
4.247528620335781421e-03
6.666455260306430007e-03
1.008775745825011248e-02
1.484289627682107079e-02
2.129809528661420759e-02
2.996781325610945249e-02
4.142740808587146162e-02
5.637041173824360735e-02
7.566878390020313760e-02
9.999416323033658016e-02
1.302035384150184716e-01
1.665004923849354723e-01
2.082087767760475994e-01
2.527111883122375446e-01
2.933174910564754212e-01
3.175297664211856885e-01
3.021450523214710415e-01
2.132980697880756671e-01
4.548077425580161585e-03
-3.522350879650825717e-01
-8.539626858368570828e-01
-1.417876703351768519e+00
-1.912558430862128178e+00
-2.190246792854924518e+00
-2.192139532792881429e+00
-1.985215378514427975e+00
-1.657068022103194593e+00
-1.296447498477135474e+00
-9.566976298950299329e-01
-6.760579331963028071e-01
-4.471575598342932278e-01
-2.695983115711257927e-01
-1.334383245371304205e-01
3.528282592259954366e-05
1.538003853950855530e-04
4.196674992304558899e-04
9.186053518886119632e-04
1.760807619195073120e-03
3.093395846922831430e-03
5.103709458104637234e-03
8.033643060223508506e-03
1.220562851864859938e-02
1.798719885591177139e-02
2.588858316301901122e-02
3.649435771447254173e-02
5.051553458805017188e-02
6.885037913289500378e-02
9.224016178371538532e-02
1.216218014721583696e-01
1.573434826026000044e-01
1.989260957059442170e-01
2.440236785544883935e-01
2.862657941630696312e-01
3.134867152923373479e-01
3.026962165046840902e-01
2.198520072346587251e-01
1.774910050881140650e-02
-3.334662119593956864e-01
-8.325559352820552927e-01
-1.397927842884141514e+00
-1.897792177453582196e+00
-2.183057430287320244e+00
-2.192840327608756468e+00
-1.992887946812713418e+00
-1.670115380881547651e+00
-1.312942404211754566e+00
-9.748528180886149030e-01
-6.945490699516626565e-01
-4.650127595824849469e-01
-2.862487689801154755e-01
-1.485761503609779877e-01
4.186512657860728926e-05
1.829575601363185708e-04
5.011154415025699657e-04
1.098968766718111389e-03
2.114100639719833797e-03
3.725012277458636129e-03
6.164434175658851933e-03
9.743693640957841809e-03
1.482867656063579544e-02
2.192262857553467503e-02
3.161602489455251491e-02
4.463405931728656878e-02
6.189796041404114352e-02
8.421697562966949657e-02
1.126074363426056574e-01
1.475665499040327566e-01
1.888232671226501014e-01
2.343240107864265342e-01
2.780573796146304510e-01
3.082448354193944584e-01
3.021852036143687359e-01
2.257326443227692381e-01
3.096606594563270504e-02
-3.137574653512815726e-01
-8.092093059191522997e-01
-1.375210825083820643e+00
-1.879792904608794890e+00
-2.172644781423337168e+00
-2.190732191150463137e+00
-1.998392165700960232e+00
-1.681709882924049548e+00
-1.328647410157564490e+00
-9.927685293973210756e-01
-7.132131481054934108e-01
-4.833372808862652636e-01
-3.035674391603753186e-01
-1.645071472952951419e-01
4.996666469339484381e-05
2.192123322395191955e-04
6.016171200558857344e-04
1.324274479149983646e-03
2.555347124553932620e-03
4.516737085237598932e-03
7.506919718641470902e-03
1.188740973560960604e-02
1.815225169657492046e-02
2.689501402916122386e-02
3.885249568254223185e-02
5.496664676991497994e-02
7.611382250334033928e-02
1.033908011664507326e-01
1.374492379271493592e-01
1.782376609426332414e-01
2.240150281132611276e-01
2.691622779218674211e-01
3.023297061958269971e-01
3.011509881229632035e-01
2.313986069136433066e-01
4.440237918021060215e-02
-2.934029018155524526e-01
-7.849784342906895862e-01
-1.351688550408284506e+00
-1.861357372517556952e+00
-2.162317814375074754e+00
-2.189206388580449136e+00
-2.004878027659937167e+00
-1.694573008096980971e+00
-1.345797796060770102e+00
-1.012212863876725377e+00
-7.334263618578027444e-01
-5.031802669912961434e-01
-3.223430473691579756e-01
-1.818138276196603065e-01
6.003505640805094985e-05
2.639375000332103171e-04
7.271430826225770477e-04
1.605694535465959074e-03
3.108610108992188904e-03
5.519270609635031424e-03
9.191338454650217066e-03
1.460657447893009241e-02
2.235764988245353413e-02
3.318896080570343798e-02
4.805921347762624751e-02
6.790906779443638130e-02
9.391478092661584287e-02
1.268863664331282559e-01
1.670031653587108200e-01
2.128591159009829703e-01
2.592689582845233431e-01
2.953691769651243249e-01
2.992030820113302791e-01
2.365232266033248099e-01
5.792533814272751713e-02
-2.721915337192598039e-01
-7.591803180142161489e-01
-1.326173359757725656e+00
-1.840882890709740538e+00
-2.150265133832032660e+00
-2.186479730812707523e+00
-2.010757652820356789e+00
-1.707402597358260721e+00
-1.363395783668444050e+00
-1.032469861344430972e+00
-7.547039328061897479e-01
-5.242440529407068617e-01
-3.424223150045577202e-01
-2.004528130616739789e-01
7.250484386862350713e-05
3.200258438333370131e-04
8.846020400506145838e-04
1.960138069725399224e-03
3.812467381604220384e-03
6.783489200583921186e-03
1.133917674786656671e-02
1.806663070897403939e-02
2.771301496559660030e-02
4.124889223241838543e-02
5.967509336295560851e-02
8.424523169463926653e-02
1.159303726663460515e-01
1.551512789112132473e-01
2.008597281125105993e-01
2.483485591427629369e-01
2.873033338374279544e-01
2.962609126554386352e-01
2.410256715910597813e-01
7.147951931060471387e-02
-2.501363989769084251e-01
-7.317911340221883165e-01
-1.298632883635112201e+00
-1.818360107913167045e+00
-2.136517662335554402e+00
-2.182620833927083837e+00
-2.016128147893280875e+00
-1.720316233281714124e+00
-1.381573455561097008e+00
-1.053681849769964263e+00
-7.771961899154198328e-01
-5.466842964216335199e-01
-3.639642610550052337e-01
-2.205846105773915655e-01
8.831314439274495949e-05
3.911634394891797852e-04
1.085160562315831212e-03
2.416234942484669045e-03
4.710606027576426380e-03
8.415103082111958024e-03
1.410665782170324872e-02
2.253056012272855804e-02
3.466481363430534007e-02
5.156652831752220334e-02
7.456563814138433832e-02
1.047980205289954364e-01
1.429380522027179079e-01
1.883199153155004635e-01
2.367583895199866506e-01
2.785465159742144814e-01
2.927806487494273857e-01
2.453490902254536199e-01
8.536449672635662567e-02
-2.272968239782381938e-01
-7.035001603773494150e-01
-1.270578752337303108e+00
-1.796114273409738615e+00
-2.123959681277197031e+00
-2.180689487559245965e+00
-2.023924612008479507e+00
-1.735942554093184764e+00
-1.402583512420829903e+00
-1.077724449261812323e+00
-8.024534932430049672e-01
-5.717710307116906643e-01
-3.880086592840136794e-01
-2.430603684066242332e-01
1.082434755994138152e-04
4.812604683844786194e-04
1.341863611915460790e-03
2.995386428508640519e-03
5.864425633997085233e-03
1.050870687056438754e-02
1.766378697042887344e-02
2.830648049662203708e-02
4.354103600773583105e-02
6.476638237135881604e-02
9.328040692958197710e-02
1.300178391553116208e-01
1.747180822646821341e-01
2.237725422752772642e-01
2.681689651603158531e-01
2.876958987918887267e-01
2.484667447736918222e-01
9.892446086589712362e-02
-2.035123940368297746e-01
-6.728780240211023056e-01
-1.239092737673985756e+00
-1.769888823749365514e+00
-2.107527482852733502e+00
-2.175492742178639638e+00
-2.029324517313439546e+00
-1.750118604908161624e+00
-1.423015545767280399e+00
-1.101916185309106622e+00
-8.284135773192337071e-01
-5.979641890676838933e-01
-4.134361654632330296e-01
-2.670971339482774431e-01
1.338218417818037181e-04
5.981373033252346087e-04
1.672349471978357279e-03
3.749950761591443714e-03
7.366574242453890163e-03
1.324037858457448487e-02
2.233881802124360397e-02
3.580407076828636542e-02
5.509748845076252455e-02
8.167645745718347949e-02
1.167433061425536683e-01
1.604656223227666212e-01
2.098634636503111939e-01
2.566990623961599716e-01
2.815628875225923422e-01
2.508869195900255145e-01
1.124525663401296366e-01
-1.789744679448259101e-01
-6.409415325274895325e-01
-1.206262706065598156e+00
-1.742833860965107506e+00
-2.091100964219287484e+00
-2.171133033832901571e+00
-2.036249853884287031e+00
-1.766339080839464781e+00
-1.445842953806287356e+00
-1.128709420847161971e+00
-8.570813208677986461e-01
-6.268853348210353671e-01
-4.415558910501034551e-01
-2.937502920696172803e-01
1.670667490524414410e-04
7.489697903997132814e-04
2.104112690516103494e-03
4.735518459726126284e-03
9.333993364770977810e-03
1.684647754460940824e-02
2.843962606000694296e-02
4.562585991358582976e-02
7.001398966879136820e-02
1.030762806672420456e-01
1.454290936720975536e-01
1.947786158831070202e-01
2.437591095478343628e-01
2.739126823260963350e-01
2.521449636063988198e-01
1.256591462350021837e-01
-1.535924831543207802e-01
-6.070503458347628056e-01
-1.170864836859599523e+00
-1.713262131950236578e+00
-2.072773256037528711e+00
-2.165745463835906826e+00
-2.043054503007160072e+00
-1.783270445990108310e+00
-1.470064043687730582e+00
-1.157410875664404815e+00
-8.880195241345347767e-01
-6.583069397072830453e-01
-4.723045795321210161e-01
-3.230834781433318259e-01
2.102357825467898148e-04
9.473184213406381053e-04
2.672062284470262672e-03
6.036272458461010987e-03
1.195295187605418565e-02
2.159608291193667803e-02
3.651363607577169657e-02
5.845223861531961829e-02
8.915082253707126703e-02
1.296905671323994591e-01
1.785214746764079985e-01
2.292559862772144408e-01
2.645603734982605593e-01
2.520050022851338944e-01
1.383348600946861795e-01
-1.274670922965863706e-01
-5.711617617445386985e-01
-1.132757252511965573e+00
-1.681018987148067190e+00
-2.052450540643799393e+00
-2.159323696135989845e+00
-2.049815413284851395e+00
-1.801060362638835288e+00
-1.495883346238420453e+00
-1.188269769847653867e+00
-9.215136856718213476e-01
-6.925423900119724863e-01
-5.060170497140166201e-01
-3.554471144199539689e-01
2.677266903451844780e-04
1.211714147446983029e-03
3.432170838197251203e-03
7.793514806845680196e-03
1.545751458564164141e-02
2.798982871510293305e-02
4.725793672589322786e-02
7.526114955992779798e-02
1.135597583607990124e-01
1.614058373594087215e-01
2.135012502331891660e-01
2.538143743752084847e-01
2.507667568030316763e-01
1.507209285708370483e-01
-1.005615372158281950e-01
-5.337147709789143990e-01
-1.093140901593369518e+00
-1.648185102993632745e+00
-2.032927692060586100e+00
-2.155007530369251967e+00
-2.059693412813618618e+00
-1.822677455432106797e+00
-1.525976782892900729e+00
-1.223641987138532228e+00
-9.596336178862302502e-01
-7.314049514110346761e-01
-5.442896218727939495e-01
-3.922541174067453729e-01
3.440284902670375997e-04
1.564263830121413431e-03
4.456077357105317667e-03
1.014033668727402741e-02
2.017016435276425268e-02
3.650005956192818590e-02
6.136342973909360288e-02
9.679347888272946121e-02
1.428934372485902438e-01
1.955822650025786646e-01
2.403862384322297263e-01
2.469299832098438008e-01
1.615363236360949362e-01
-7.325814954665334222e-02
-4.934369096616217920e-01
-1.048649239610482065e+00
-1.609421245342148366e+00
-2.007582419310680599e+00
-2.145820166732411050e+00
-2.066053122685160837e+00
-1.842244391127469960e+00
-1.555385254731602052e+00
-1.259490651053253973e+00
-9.991482611001650804e-01
-7.723637745896716478e-01
-5.851727971749723922e-01
-4.320345030584421542e-01
4.473599893238239104e-04
2.047033879863764932e-03
5.847738393618830133e-03
1.335629717899179322e-02
2.657425926057029042e-02
4.793495262923046230e-02
7.992936256182009425e-02
1.235514269081449817e-01
1.760605085070263143e-01
2.247948914585601032e-01
2.409303245486782152e-01
1.710509499865376926e-01
-4.563476188687651952e-02
-4.510902381122117721e-01
-1.001095361059613165e+00
-1.567747381397839090e+00
-1.980411106878578575e+00
-2.136217183074256010e+00
-2.073351448314235679e+00
-1.863917546142461523e+00
-1.587825665395685482e+00
-1.299060352047488376e+00
-1.042885233858015237e+00
-8.178778739104390905e-01
-6.308186645104656431e-01
-4.766851551582967361e-01
5.895756726017146185e-04
2.707334621787918505e-03
7.769407405324751936e-03
1.776815620161311532e-02
3.528105815515131943e-02
6.321678260638682878e-02
1.034783745020764478e-01
1.547885512074520797e-01
2.065990929209920446e-01
2.321048343615625120e-01
1.786379479176808116e-01
-1.788196701065384794e-02
-4.060607800246309740e-01
-9.489611965382793723e-01
-1.520940918787605067e+00
-1.948872606510875904e+00
-2.123716702847273208e+00
-2.079405042020457728e+00
-1.885938151310128763e+00
-1.621995623641730111e+00
-1.341482348881807951e+00
-1.090348640162085214e+00
-8.677682401806078305e-01
-6.813080553674443207e-01
-5.264976350723402643e-01
7.860067640150548984e-04
3.629503930042409909e-03
1.044112261535109186e-02
2.386224803317377186e-02
4.714706097395014728e-02
8.309049805348465989e-02
1.319807813708610555e-01
1.857051663738862324e-01
2.200424143621802220e-01
1.837283812773656821e-01
9.578008848793746061e-03
-3.583573488001681184e-01
-8.918236356044767499e-01
-1.468353693263485527e+00
-1.912346468004040512e+00
-2.107870761644862423e+00
-2.083977559560419301e+00
-1.908278722431995478e+00
-1.658057539431314398e+00
-1.387086051548564347e+00
-1.142014156206579978e+00
-9.226363190954168791e-01
-7.373503309227955604e-01
-5.822724283786665511e-01
1.065444578799901046e-03
4.938767174543807516e-03
1.422156779855953887e-02
3.240871458232041230e-02
6.312916732243242790e-02
1.083103929949301575e-01
1.626022230320909590e-01
2.050027180611721234e-01
1.864127983797509713e-01
3.675040387468727493e-02
-3.081910356857794353e-01
-8.305455353827335685e-01
-1.411945591741239125e+00
-1.873962047009651855e+00
-2.092604509005119073e+00
-2.091353842516767703e+00
-1.935257957546139718e+00
-1.700179729972455478e+00
-1.439806455017964337e+00
-1.201592784525881363e+00
-9.859769674799502281e-01
-8.022529617917180111e-01
-6.471540585838606585e-01
1.463155273838144706e-03
6.800862664388460446e-03
1.957040207694217548e-02
4.407602631696806716e-02
8.386171857020349729e-02
1.366443008596573971e-01
1.854589968148648849e-01
1.846301234181720874e-01
6.206691948792483760e-02
-2.552311865034887495e-01
-7.619418110545076450e-01
-1.345710232764782965e+00
-1.825815216534680818e+00
-2.069361830096992705e+00
-2.093234386831709593e+00
-1.959374980527031740e+00
-1.741893859986848536e+00
-1.494253399118384618e+00
-1.264669798213668761e+00
-1.054254548532767677e+00
-8.732391325733277476e-01
-7.190169699233485145e-01
2.042376555402743155e-03
9.512064602343528116e-03
2.713206852168362215e-02
5.992218557949822999e-02
1.088697957683582157e-01
1.618914632390321684e-01
1.782119887343466824e-01
8.493661208123381989e-02
-2.002733928421677190e-01
-6.872311071046897091e-01
-1.271824267659964924e+00
-1.771312976963314689e+00
-2.042493089588116373e+00
-2.094447570630985744e+00
-1.985547812136982060e+00
-1.787977237688273435e+00
-1.554957165622741222e+00
-1.335539976849482002e+00
-1.131540339304710985e+00
-9.541957024284464239e-01
-8.015965922127463728e-01
2.899405999959440636e-03
1.343185248159520402e-02
3.774344892345499192e-02
8.009450537006559956e-02
1.341450432418936356e-01
1.659736865936320138e-01
1.039793397236856015e-01
-1.435192427824955042e-01
-6.046404158638459814e-01
-1.186878653215124757e+00
-1.706383124658103601e+00
-2.008093225510309221e+00
-2.091665746053471775e+00
-2.011185506982452686e+00
-1.836599032637913131e+00
-1.620806260735404347e+00
-1.413731808759902231e+00
-1.217931765520981369e+00
-1.045717823664797042e+00
-8.959215583615004475e-01
4.169097307445241221e-03
1.912929121293352117e-02
5.201677521848245556e-02
1.028592189525878997e-01
1.468949887089668616e-01
1.171022643299926003e-01
-8.646781577201673175e-02
-5.137774339336921292e-01
-1.088753859197891583e+00
-1.628244681576265673e+00
-1.963609548039058739e+00
-2.082921782006900369e+00
-2.034974021564006197e+00
-1.887062342822488858e+00
-1.691659201946458024e+00
-1.499600299858761199e+00
-1.314230784046330758e+00
-1.149013369473000035e+00
-1.003567716109498686e+00
6.090428293620320926e-03
2.727917577142509320e-02
6.998894984577132272e-02
1.209913830402271906e-01
1.225120474614344451e-01
-3.096527135257619648e-02
-4.150478026750228366e-01
-9.768559281428604857e-01
-1.536762967290812965e+00
-1.910158368343575663e+00
-2.070566470417336546e+00
-2.060188827096307129e+00
-1.943275826133601170e+00
-1.771854249355478306e+00
-1.597826294599859143e+00
-1.425395108281722889e+00
-1.269293068594675722e+00
-1.129979526703509762e+00
8.925822248848445245e-03
3.823554158998700853e-02
8.788691537743788251e-02
1.159630842797229333e-01
1.826975607289084078e-02
-3.083219317755503952e-01
-8.439079711862584876e-01
-1.419175744330466671e+00
-1.832590277204393825e+00
-2.039212938839412459e+00
-2.072340724718120697e+00
-1.992150799151415796e+00
-1.849865870645955646e+00
-1.698356858968655736e+00
-1.542768448067776355e+00
-1.399173068773565509e+00
-1.268931015284416430e+00
1.306939236194625160e-02
5.150959464599091236e-02
9.611626204782823535e-02
5.568733477060345410e-02
-1.982025674552558292e-01
-6.908848084892046382e-01
-1.274428959806535699e+00
-1.730135607274301934e+00
-1.989305465830340625e+00
-2.073064269095779011e+00
-2.036243888542018876e+00
-1.928925010670231366e+00
-1.804964687609011520e+00
-1.670576845013858058e+00
-1.543301461783731510e+00
-1.425472722196193143e+00
1.879815627318764948e-02
6.356423945944805753e-02
7.382326308136027970e-02
-9.147497509375000779e-02
-5.158995694554718847e-01
-1.092684855729418869e+00
-1.589839026754040319e+00
-1.908018730646887873e+00
-2.050926421128182131e+00
-2.065833702513149461e+00
-2.000988741334876586e+00
-1.911088369973233725e+00
-1.803605851681947536e+00
-1.697680221051515614e+00
-1.596718393796255242e+00
2.572520785402227297e-02
6.491220711330367155e-02
-4.215500847350082958e-03
-3.263111144946621578e-01
-8.671957796259700535e-01
-1.396663125736403055e+00
-1.777817416369006809e+00
-1.988715177816191337e+00
-2.065059993141395100e+00
-2.051797944232956361e+00
-2.003925349330213379e+00
-1.930409904410881783e+00
-1.852092170825295980e+00
-1.773581204065144412e+00
3.210901612586443410e-02
4.268923022539557882e-02
-1.427137630100230314e-01
-5.997270444388808075e-01
-1.137656114553114772e+00
-1.579919243517894589e+00
-1.866819293733105622e+00
-2.015437827369095380e+00
-2.064542432681410133e+00
-2.068192485169630057e+00
-2.037114733269341560e+00
-1.993902687474092161e+00
-1.944543723577750294e+00
3.411922706937380034e-02
-7.862303123214051115e-03
-3.103915414771571402e-01
-7.977919618872633123e-01
-1.276605967667743036e+00
-1.636813287402487216e+00
-1.864611498785897936e+00
-1.986210885937292669e+00
-2.051151476184213784e+00
-2.071821148946666469e+00
-2.072105220262298264e+00
-2.059499056321844268e+00
3.073626173322360419e-02
-7.354916949128557924e-02
-4.174860237184014333e-01
-8.700937659467958829e-01
-1.276957086199449476e+00
-1.578166875928933344e+00
-1.776095534035481815e+00
-1.908560333834718126e+00
-1.988339440279215831e+00
-2.039215578462127088e+00
-2.070064543666515267e+00
2.200746064488463827e-02
-1.014856725738068899e-01
-4.173996725649928297e-01
-7.975520443554102723e-01
-1.135458382270106314e+00
-1.395013935952325035e+00
-1.589704751081974621e+00
-1.728586980561275244e+00
-1.831919727059359904e+00
-1.909017001139295067e+00
2.207490213160747533e-02
-7.406273543384805924e-02
-3.110794043949862697e-01
-5.995256400030780641e-01
-8.682971486729234023e-01
-1.094234265650725568e+00
-1.274588236709499833e+00
-1.419748866525998299e+00
-1.536696484032334054e+00
3.063482342422901503e-02
-7.518032570584863225e-03
-1.421014356200984152e-01
-3.271209263382520160e-01
-5.160976211937576830e-01
-6.898474686274295165e-01
-8.427177475586064004e-01
-9.749101888567449636e-01
3.439006547364923533e-02
4.257683376879995568e-02
-5.666944864150208136e-03
-9.233514486149545231e-02
-1.983468934975788911e-01
-3.079922408757797547e-01
-4.139867879340821677e-01
3.186793747563183843e-02
6.383006712111866099e-02
7.271879870176276017e-02
5.459326857325721288e-02
1.747277522025362725e-02
-3.135211540775367789e-02
2.562823307072164061e-02
6.354750514733079059e-02
9.610500826365200866e-02
1.161611761913933782e-01
1.228690632375664532e-01
1.890120959717622381e-02
5.174503956423488760e-02
8.834494484415639226e-02
1.215882631925577911e-01
1.314590955838699365e-02
3.844933425296912649e-02
7.030456747561313058e-02
8.947763840454170739e-03
2.730821195482764294e-02
6.084756362481165068e-03
